1015.8600 37.682600 14.864900
1032.2900 37.824700 14.565300
1048.9900 37.955500 14.268900
1065.9600 38.073700 13.975800
1083.2000 38.181600 13.688600
1100.7200 38.280900 13.407400
1118.5200 38.372400 13.132000
1136.6100 38.456900 12.862200
1155.0000 38.534700 12.598000
1173.6800 38.606400 12.339200
1192.6600 38.672200 12.085700
1211.9500 38.732600 11.837400
1231.5500 38.787600 11.594300
1251.4700 38.837600 11.356400
1271.7200 38.882900 11.123800
1292.2900 38.924400 10.896500
1313.1900 38.962100 10.673700
1334.4300 38.996000 10.455600
1356.0100 39.026500 10.242000
1377.9400 39.053800 10.032500
1400.2300 39.077900 9.8274100
1422.8800 39.099300 9.6265300
1445.8900 39.118700 9.4297900
1469.2800 39.137300 9.2357400
1493.0400 39.155700 9.0436600
1517.1900 39.168600 8.8467800
1541.7300 39.174200 8.6530700
1566.6700 39.173700 8.4637300
1592.0100 39.168700 8.2785800
1617.7600 39.159700 8.0974000
1643.9200 39.146800 7.9200100
1670.5100 39.130300 7.7466800
1697.5300 39.110500 7.5771200
1724.9900 39.089800 7.4111900
1752.8900 39.065400 7.2443500
1781.2400 39.035300 7.0797700
1810.0500 38.999800 6.9178700
1839.3200 38.958900 6.7594600
1869.0700 38.913100 6.6047200
1899.3000 38.862700 6.4537200
1930.0200 38.807900 6.3061100
1961.2400 38.748400 6.1618300
1992.9600 38.683300 6.0207600
2025.2000 38.616900 5.8855500
2057.9500 38.545700 5.7478700
2091.2400 38.466900 5.6129000
2125.0600 38.381500 5.4802200
2159.4300 38.288800 5.3498900
2194.3600 38.188400 5.2223000
2229.8500 38.079900 5.0969500
2265.9200 37.962200 4.9740100
2302.5700 37.834600 4.8534700
2339.8100 37.695800 4.7351300
2377.6600 37.544400 4.6190700
2416.1100 37.378800 4.5052600
2455.1900 37.197000 4.3936500
2494.9000 36.996200 4.2841200
2535.2600 36.773200 4.1766900
2576.2600 36.523700 4.0713500
2617.9300 36.241900 3.9680400
2660.2700 35.920200 3.8667800
2703.3000 35.547400 3.7673600
2747.0300 35.107400 3.6699000
2791.4600 34.574300 3.5743400
2836.6100 33.903900 3.4806000
2882.4900 33.009400 3.3886900
2929.1100 31.676000 3.2984700
2976.4800 28.995800 3.2101100
3003.7000 14.733000 3.1610300
3003.9000 14.733700 11.109800
3024.6300 28.160800 10.994100
3073.5500 30.748800 10.729000
3123.2600 30.808800 10.471400
3146.0000 24.619800 10.357000
3146.2000 24.624500 14.227900
3173.7800 32.059900 14.039200
3225.1100 34.037500 13.699000
3277.2700 35.125000 13.366900
3330.2800 35.787200 13.042600
3384.1500 35.907300 12.726200
3411.8000 32.729400 12.568700
3412.0000 32.732100 14.545100
3438.8800 36.579400 14.381400
3494.5000 37.869500 14.052400
3551.0200 38.708600 13.728700
3608.4600 39.377300 13.409700
3666.8200 39.942500 13.096200
3726.1300 40.434400 12.788400
3786.4000 40.870100 12.486000
3847.6400 41.260000 12.188700
3909.8700 41.611500 11.896900
3973.1100 41.929900 11.609900
4037.3800 42.219500 11.329100
4102.6800 42.484500 11.053500
4169.0300 42.726700 10.782800
4236.4600 42.948900 10.518000
4304.9800 43.153200 10.258200
4374.6200 43.340900 10.003700
4445.3700 43.513600 9.7544500
4517.2700 43.672600 9.5104100
4590.3300 43.819000 9.2716400
4664.5800 43.953800 9.0377800
4740.0300 44.077800 8.8090200
4816.6900 44.191800 8.5853100
4894.6000 44.296600 8.3664400
4973.7700 44.392900 8.1525300
5054.2100 44.481100 7.9433000
5135.9600 44.561900 7.7388700
5219.0300 44.635700 7.5390800
5303.4400 44.703000 7.3440000
5389.2200 44.764400 7.1533000
5476.3900 44.820000 6.9670700
5564.9700 44.870300 6.7851800
5654.9800 44.915600 6.6076300
5746.4400 44.956300 6.4343600
5839.3900 44.992600 6.2651600
5933.8300 45.024800 6.1000700
6029.8100 45.053200 5.9389200
6127.3300 45.077900 5.7817900
6226.4400 45.099300 5.6284100
6327.1500 45.117500 5.4788300
6429.4800 45.132800 5.3329800
6533.4800 45.145200 5.1907000
6639.1500 45.155100 5.0520100
6746.5400 45.162500 4.9167900
6855.6500 45.167600 4.7849000
6966.5400 45.170500 4.6563800
7079.2200 45.171400 4.5311900
7193.7200 45.170400 4.4091000
7310.0700 45.167700 4.2901100
7428.3100 45.163200 4.1742600
7548.4500 45.157300 4.0613800
7670.5400 45.149900 3.9513800
7794.6100 45.141200 3.8442200
7920.6800 45.131100 3.7397000
8048.7900 45.119800 3.6381200
8178.9800 45.107500 3.5390300
8311.2600 45.094100 3.4426500
8445.6900 45.079700 3.3487000
8582.2900 45.064400 3.2573500
8721.1100 45.048400 3.1683400
8862.1600 45.031600 3.0816100
9005.5000 45.014000 2.9971800
9151.1600 44.995600 2.9150100
9299.1700 44.976600 2.8350500
9449.5800 44.957100 2.7572500
9602.4200 44.937000 2.6814700
9757.7300 44.916300 2.6077200
9915.5500 44.895200 2.5360600
10075.900 44.873700 2.4662200
10238.900 44.851700 2.3982500
10404.500 44.829300 2.3321100
10572.800 44.806500 2.2677500
10743.800 44.783300 2.2051300
10917.600 44.759800 2.1442000
11094.200 44.736000 2.0849200
11273.600 44.711800 2.0272400
11455.900 44.687300 1.9711200
11641.200 44.662500 1.9165300
11829.500 44.637400 1.8634200
12020.800 44.612000 1.8117500
12215.300 44.586400 1.7614900
12412.800 44.560400 1.7126000
12613.600 44.534000 1.6650400
12817.600 44.507400 1.6187800
13025.000 44.480500 1.5737800
13235.600 44.453100 1.5300100
13449.700 44.425400 1.4874400
13667.200 44.397400 1.4460300
13888.300 44.368900 1.4057500
14112.900 44.339900 1.3665800
14341.200 44.310400 1.3284800
14573.100 44.280400 1.2914200
14808.900 44.249800 1.2553900
15048.400 44.218600 1.2203300
15291.800 44.186600 1.1862400
15539.100 44.153900 1.1530900
15790.400 44.120200 1.1208500
16045.800 44.085600 1.0894900
16305.400 44.049900 1.0589900
16569.100 44.012900 1.0293300
16837.100 43.974600 1.0004800
17109.400 43.934700 0.97242500
17386.100 43.893000 0.94514100
17667.400 43.849200 0.91860600
17953.100 43.803100 0.89280000
18243.500 43.754300 0.86770200
18538.600 43.702300 0.84329300
18838.400 43.646600 0.81955400
19143.100 43.586400 0.79646600
19452.700 43.521000 0.77401200
19767.400 43.449100 0.75217300
20087.100 43.369200 0.73093300
20412.000 43.279200 0.71027500
20742.100 43.176300 0.69018300
21077.600 43.055900 0.67064100
21418.500 42.911300 0.65163500
21765.000 42.730900 0.63314700
22117.000 42.493100 0.61516600
22474.700 42.148800 0.59767700
22838.200 41.542300 0.58066400
23207.600 38.234800 0.56411700
23219.800 33.490400 0.56358300
23220.000 33.490500 3.6632400
23583.000 41.661800 3.5759200
23964.400 42.420000 3.4877900
24352.000 42.869600 3.4013100
24745.900 43.191100 3.3164800
25146.200 43.441100 3.2333000
25552.900 43.644800 3.1517800
25966.200 43.815800 3.0718900
26386.100 43.962400 2.9936300
26812.900 44.089900 2.9170000
27246.600 44.202000 2.8419700
27687.300 44.301500 2.7685400
28135.100 44.390300 2.6966900
28590.200 44.470100 2.6264000
29052.600 44.542400 2.5576700
29522.500 44.614400 2.4904600
30000.000 44.645200 2.4247700
30100.000 44.667100 2.3729700
30200.000 44.678200 2.3598800
30300.000 44.688900 2.3467900
30400.000 44.699400 2.3337000
30500.000 44.709700 2.3210600
30600.000 44.719700 2.3084200
30700.000 44.729500 2.2957900
30800.000 44.739000 2.2831500
30900.000 44.748400 2.2709400
31000.000 44.757500 2.2587300
31100.000 44.766500 2.2465300
31200.000 44.775200 2.2343200
31350.000 44.788000 2.2165500
31500.000 44.800600 2.1987900
31600.000 44.808700 2.1871300
31700.000 44.816600 2.1754700
31800.000 44.824300 2.1638200
31900.000 44.831800 2.1521600
32100.000 44.846200 2.1296200
32300.000 44.860100 2.1070800
32450.000 44.870100 2.0906600
32600.000 44.879800 2.0742400
32800.000 44.892100 2.0529800
33000.000 44.903900 2.0317100
33200.000 44.915200 2.0113500
33400.000 44.926200 1.9910000
33600.000 44.936800 1.9712900
33800.000 44.947000 1.9515800
33950.000 44.954500 1.9373300
34100.000 44.961900 1.9230800
34300.000 44.971200 1.9040800
34500.000 44.980200 1.8850800
34700.000 44.988900 1.8669600
34900.000 44.997400 1.8488500
35100.000 45.005700 1.8307300
35300.000 45.013500 1.8126200
35500.000 45.020900 1.7953000
35700.000 45.028000 1.7779900
36030.000 45.039000 1.7494200
36300.000 45.047500 1.7270900
36500.000 45.053500 1.7105500
36800.000 45.062000 1.6864500
37000.000 45.067400 1.6703800
37300.000 45.075000 1.6471600
37500.000 45.079700 1.6316800
37800.000 45.086500 1.6092900
38000.000 45.090700 1.5943700
38500.000 45.100600 1.5586300
39000.000 45.109500 1.5241300
39500.000 45.117600 1.4908300
40000.000 45.125000 1.4586600
40400.000 45.130300 1.4340100
40800.000 45.135200 1.4093600
41100.000 45.138600 1.3917800
41500.000 45.142900 1.3683400
42300.000 45.150400 1.3237300
43000.000 45.156200 1.2865400
43800.000 45.161600 1.2452600
44500.000 45.165400 1.2108100
45300.000 45.169000 1.1730400
46000.000 45.171200 1.1412000
46500.000 45.172300 1.1192800
47000.000 45.173100 1.0980000
47500.000 45.173600 1.0773500
48000.000 45.174000 1.0573000
48500.000 45.174000 1.0378100
49000.000 45.174000 1.0188700
49500.000 45.173600 1.0004700
50000.000 45.173200 0.98257600
51000.000 45.171900 0.94819200
52000.000 45.170100 0.91564500
53000.000 45.167900 0.88480400
54000.000 45.165400 0.85532200
55000.000 45.162400 0.82733700
56000.000 45.159400 0.80050800
56800.000 45.156600 0.78000000
57530.000 45.154000 0.76198700
58000.000 45.152200 0.75072800
58500.000 45.150300 0.73897400
59540.000 45.146200 0.71541800
59800.000 45.145200 0.70971000
60000.000 45.144400 0.70536700
60800.000 45.140900 0.68837000
61500.000 45.137900 0.67401100
62300.000 45.134500 0.65815800
63000.000 45.131500 0.64475500
64000.000 45.127200 0.62632500
65000.000 45.122900 0.60869500
65900.000 45.119100 0.59335100
66830.000 45.115100 0.57811200
67400.000 45.112600 0.56906800
68000.000 45.110000 0.55978000
69000.000 45.105600 0.54481100
70000.000 45.101200 0.53044900
71000.000 45.097000 0.51656000
72000.000 45.092700 0.50322200
72800.000 45.089300 0.49292700
73500.000 45.086300 0.48418300
74200.000 45.083300 0.47567400
74960.000 45.080000 0.46669300
75500.000 45.077800 0.46045200
76000.000 45.075700 0.45478600
77110.000 45.071100 0.44258200
78600.000 45.065100 0.42697400
79300.000 45.062300 0.41993100
80000.000 45.059500 0.41306500
81500.000 45.053800 0.39883500
83000.000 45.048000 0.38534200
84000.000 45.044300 0.37673000
85000.000 45.040500 0.36841000
86500.000 45.035200 0.35639700
88000.000 45.029800 0.34497300
89000.000 45.026300 0.33766500
90000.000 45.022900 0.33059100
91500.000 45.017900 0.32037700
93000.000 45.012900 0.31063700
94000.000 45.009700 0.30439300
95000.000 45.006500 0.29833800
96500.000 45.002000 0.28956500
98000.000 44.997400 0.28117900
99000.000 44.994500 0.27579300
99500.000 44.993000 0.27315800
100000.00 44.991500 0.27056200
-1	-1	-1