1015.86	28.5313	5.68331
1032.29	28.4827	5.56282
1048.99	28.4308	5.4435
1065.96	28.3741	5.32525
1083.2	28.3117	5.20963
1100.72	28.2444	5.09652
1118.52	28.1719	4.98588
1136.61	28.0937	4.8775
1155	28.0094	4.7715
1173.68	27.9187	4.66785
1192.66	27.8211	4.56656
1211.95	27.7161	4.4674
1231.55	27.6032	4.37029
1251.47	27.4815	4.2745
1271.72	27.3493	4.17976
1292.29	27.2048	4.08583
1313.19	27.046	3.9942
1334.43	26.8719	3.9046
1356.01	26.6802	3.81693
1377.94	26.4683	3.73116
1400.23	26.2325	3.64734
1422.88	25.9685	3.56549
1445.89	25.6705	3.48534
1469.28	25.3302	3.4065
1493.04	24.9372	3.32874
1517.19	24.4731	3.24928
1541.73	23.9095	3.17129
1566.67	23.2068	3.09524
1592.01	22.2886	3.02097
1617.76	20.9931	2.94847
1643.92	18.8648	2.87773
1670.51	13.0823	2.80869
1678.3	-4.63584	2.78898
1678.5	-4.62919	15.6136
1697.53	17.027	15.3883
1724.99	20.8321	15.0732
1752.89	22.8532	14.7646
1781.24	24.225	14.4623
1810.05	25.2396	14.1664
1839.32	26.0064	13.8762
1869.07	26.5511	13.592
1899.3	26.7802	13.3139
1920.9	24.2882	13.1213
1921.1	24.2985	14.9155
1930.02	26.9138	14.8244
1961.24	28.3254	14.5131
1992.96	29.1554	14.2083
2025.2	29.818	13.916
2057.95	30.3918	13.6174
2091.24	30.8934	13.3218
2125.06	31.3415	13.0295
2159.43	31.7464	12.7411
2194.36	32.115	12.4559
2229.85	32.452	12.1748
2265.92	32.7615	11.8976
2302.57	33.0465	11.6247
2339.81	33.3097	11.3558
2377.66	33.5529	11.0912
2416.11	33.7781	10.8307
2455.19	33.9866	10.5747
2494.9	34.1801	10.323
2535.26	34.3593	10.0756
2576.26	34.5255	9.83282
2617.93	34.6797	9.5946
2660.27	34.823	9.36072
2703.3	34.9555	9.13092
2747.03	35.078	8.90593
2791.46	35.1916	8.68546
2836.61	35.2968	8.46952
2882.49	35.3941	8.25728
2929.11	35.4833	8.04995
2976.48	35.5657	7.8469
3024.63	35.6416	7.64801
3073.55	35.7112	7.45348
3123.26	35.7749	7.26281
3173.78	35.8329	7.07654
3225.11	35.8856	6.89435
3277.27	35.9335	6.71681
3330.28	35.9771	6.54248
3384.15	36.0161	6.37239
3438.88	36.0511	6.20619
3494.5	36.0822	6.04386
3551.02	36.1096	5.88526
3608.46	36.1336	5.73038
3666.82	36.1544	5.57916
3726.13	36.1722	5.4316
3786.4	36.1871	5.28752
3847.64	36.1993	5.1469
3909.87	36.209	5.00974
3973.11	36.2163	4.87588
4037.38	36.2214	4.74538
4102.68	36.2243	4.61805
4169.03	36.2253	4.49384
4236.46	36.2244	4.37277
4304.98	36.2218	4.2548
4374.62	36.2175	4.13972
4445.37	36.2117	4.02756
4517.27	36.2045	3.91828
4590.33	36.1959	3.81176
4664.58	36.186	3.70796
4740.03	36.175	3.60688
4816.69	36.1628	3.5084
4894.6	36.1496	3.41247
4973.77	36.1355	3.31899
5054.21	36.1204	3.228
5135.96	36.1046	3.13937
5219.03	36.0878	3.05306
5303.44	36.0704	2.96911
5389.22	36.0523	2.88729
5476.39	36.0335	2.80768
5564.97	36.0142	2.7302
5654.98	35.9943	2.65474
5746.44	35.9739	2.58136
5839.39	35.953	2.50992
5933.83	35.9317	2.44042
6029.81	35.9099	2.37272
6127.33	35.8877	2.30688
6226.44	35.8652	2.24288
6327.15	35.8423	2.18063
6429.48	35.8191	2.12003
6533.48	35.7956	2.06099
6639.15	35.7717	2.0037
6746.54	35.7476	1.94791
6855.65	35.7232	1.89369
6966.54	35.6986	1.84086
7079.22	35.6737	1.78961
7193.72	35.6485	1.73966
7310.07	35.623	1.69116
7428.31	35.5973	1.64394
7548.45	35.5713	1.59812
7670.54	35.5451	1.55357
7794.61	35.5186	1.51016
7920.68	35.4917	1.46798
8048.79	35.4646	1.42699
8178.98	35.4371	1.38714
8311.26	35.4093	1.34841
8445.69	35.381	1.31076
8582.29	35.3524	1.27415
8721.11	35.3233	1.23858
8862.16	35.2938	1.204
9005.5	35.2636	1.17038
9151.16	35.2329	1.13772
9299.17	35.2015	1.10596
9449.58	35.1694	1.07511
9602.42	35.1365	1.04512
9757.73	35.1027	1.01597
9915.55	35.0679	0.987623
10075.9	35.0319	0.960095
10238.9	34.9947	0.933343
10404.5	34.956	0.907347
10572.8	34.9157	0.882083
10743.8	34.8735	0.857534
10917.6	34.8292	0.833678
11094.2	34.7824	0.810496
11273.6	34.7329	0.78797
11455.9	34.68	0.766083
11641.2	34.6231	0.744814
11829.5	34.5617	0.724147
12020.8	34.4947	0.704066
12215.3	34.4209	0.684553
12412.8	34.3387	0.665594
12613.6	34.2459	0.647172
12817.6	34.1393	0.629272
13025	34.0141	0.61188
13235.6	33.8631	0.59498
13449.7	33.6737	0.578561
13667.2	33.4217	0.562606
13888.3	33.0515	0.547104
14112.9	32.3765	0.532041
14325.5	24.668	0.518379
14325.7	24.6682	3.71186
14341.2	29.8148	3.70575
14573.1	32.7062	3.61611
14808.9	33.437	3.52804
15048.4	33.8836	3.44154
15291.8	34.2071	3.35662
15539.1	34.4605	3.27328
15790.4	34.6679	3.19153
16045.8	34.8428	3.11136
16305.4	34.9931	3.03277
16569.1	35.1241	2.95576
16837.1	35.2397	2.8803
17109.4	35.3423	2.80641
17386.1	35.4342	2.73407
17667.4	35.5168	2.66326
17953.1	35.5913	2.59397
18243.5	35.6589	2.52618
18538.6	35.7202	2.45989
18838.4	35.7759	2.39507
19143.1	35.8268	2.33171
19452.7	35.8731	2.26978
19767.4	35.9154	2.20927
20087.1	35.9541	2.15016
20412	35.9894	2.09242
20742.1	36.0216	2.03604
21077.6	36.051	1.981
21418.5	36.0779	1.92727
21765	36.1023	1.87484
22117	36.1246	1.82367
22474.7	36.1448	1.77375
22838.2	36.1632	1.72506
23207.6	36.1798	1.67757
23583	36.1947	1.63126
23964.4	36.2082	1.58611
24352	36.2203	1.54209
24745.9	36.2311	1.49919
25146.2	36.2406	1.45737
25552.9	36.2491	1.41663
25966.2	36.2565	1.37693
26386.1	36.2629	1.33825
26812.9	36.2684	1.30058
27246.6	36.273	1.26388
27687.3	36.2769	1.22815
28135.1	36.2801	1.19335
28590.2	36.2826	1.15948
29052.6	36.2846	1.12649
29522.5	36.2891	1.09439
30000	36.2768	1.06314
30400	36.2793	1.04716
30800	36.2794	1.02284
31200	36.2789	0.999393
31500	36.2785	0.982351
31900	36.2776	0.960323
32300	36.2766	0.939054
32600	36.2757	0.923579
33000	36.2745	0.903556
33400	36.273	0.88405
33800	36.2714	0.865191
34100	36.2701	0.851452
34500	36.2683	0.833655
34900	36.2664	0.816428
35300	36.2645	0.799567
35700	36.2622	0.783178
36030	36.2604	0.770045
36500	36.2576	0.751919
37000	36.2546	0.733349
37500	36.2514	0.715478
38000	36.2482	0.69827
38500	36.2449	0.681611
39000	36.2415	0.665557
39500	36.2382	0.650078
40000	36.2348	0.635147
40800	36.2293	0.612226
41500	36.2245	0.593197
42300	36.219	0.572542
43000	36.2141	0.555363
43800	36.2087	0.536498
44500	36.2039	0.520784
45300	36.1985	0.503641
46000	36.1937	0.489292
46500	36.1903	0.479423
47000	36.187	0.469854
47500	36.1837	0.460575
48000	36.1803	0.451574
48500	36.1771	0.442815
49000	36.1739	0.434313
49500	36.1707	0.426058
50000	36.1675	0.41804
50500	36.1644	0.410192
51000	36.1613	0.402566
51500	36.1582	0.395154
52000	36.1551	0.387948
52500	36.1521	0.380941
53000	36.1492	0.374125
54000	36.1432	0.361039
55000	36.1376	0.348638
56000	36.132	0.336783
56800	36.1276	0.327734
57530	36.1237	0.319796
58000	36.1212	0.314839
58500	36.1186	0.309693
59540	36.1133	0.29939
59800	36.112	0.296895
60000	36.111	0.294998
60800	36.1071	0.28754
61500	36.1037	0.281246
62300	36.0999	0.274306
63000	36.0966	0.268444
64000	36.0921	0.260394
65000	36.0876	0.252705
65900	36.0838	0.246039
66830	36.0798	0.239426
67400	36.0774	0.235506
68000	36.075	0.231483
69000	36.071	0.225005
70000	36.0671	0.218798
71000	36.0633	0.212819
72000	36.0596	0.207084
72800	36.0568	0.202662
73500	36.0543	0.198909
74200	36.0518	0.19526
74960	36.0492	0.191412
75500	36.0474	0.188736
76000	36.0457	0.186307
77110	36.0421	0.181082
78600	36.0374	0.174408
79300	36.0353	0.1714
80000	36.0331	0.16847
81500	36.0288	0.162412
83000	36.0245	0.156677
84000	36.0218	0.153021
85000	36.0191	0.149493
86500	36.0152	0.144425
88000	36.0114	0.139612
89000	36.009	0.136537
90000	36.0066	0.133562
91500	36.0032	0.129259
93000	35.9998	0.12516
94000	35.9976	0.122536
95000	35.9955	0.119993
96500	35.9924	0.116326
98000	35.9894	0.112825
99000	35.9875	0.110578
99500	35.9865	0.10948
100000	35.9856	0.108399
-1	-1	-1