1015.86	48.4119	19.0776
1032.29	48.569	18.7836
1048.99	48.7106	18.4894
1065.96	48.8334	18.1949
1083.2	48.9403	17.9048
1100.72	49.0335	17.6191
1118.52	49.1139	17.3378
1136.61	49.1818	17.0603
1155	49.2376	16.787
1173.68	49.2815	16.5179
1192.66	49.3138	16.2529
1211.95	49.3351	15.9918
1231.55	49.3459	15.7343
1251.47	49.346	15.4774
1271.72	49.334	15.2204
1292.29	49.3043	14.9624
1313.19	49.2572	14.7084
1334.43	49.1935	14.4584
1356.01	49.113	14.2123
1377.94	49.0148	13.97
1400.23	48.8981	13.7317
1422.88	48.7623	13.4974
1445.89	48.6059	13.2663
1469.28	48.4273	13.0384
1493.04	48.2251	12.8136
1517.19	47.9942	12.5879
1541.73	47.7305	12.3656
1566.67	47.4309	12.1471
1592.01	47.0914	11.9319
1617.76	46.706	11.7204
1643.92	46.268	11.5126
1670.51	45.7678	11.3081
1697.53	45.1931	11.1069
1724.99	44.53	10.9091
1752.89	43.7514	10.7088
1781.24	42.8208	10.51
1810.05	41.6859	10.313
1839.32	40.2606	10.1196
1869.07	38.3881	9.92978
1899.3	35.7236	9.74376
1930.02	31.1911	9.56069
1960	-1.98025	9.38809
1960.2	-1.98254	27.2515
1961.24	11.8393	27.2332
1992.96	29.2638	26.6867
2025.2	26.2824	26.1511
2030.7	11.396	26.0616
2030.9	11.4284	38.2496
2057.95	35.3998	37.5516
2091.24	40.537	36.7223
2125.06	43.8181	35.9116
2159.43	46.2639	35.1185
2194.36	48.199	34.3429
2229.85	49.7737	33.585
2265.92	51.0658	32.8439
2302.57	52.1137	32.12
2339.81	52.923	31.412
2377.66	53.4462	30.7196
2416.11	53.4741	30.0439
2455.19	49.8736	29.3835
2457.1	45.4669	29.3519
2457.3	45.4811	34.09
2494.9	55.2587	33.313
2535.26	57.1055	32.5112
2576.26	58.3803	31.729
2617.93	59.3702	30.9661
2660.27	60.1587	30.2234
2703.3	60.7601	29.498
2747.03	61.1059	28.7916
2791.46	59.4194	28.1032
2792.1	58.3216	28.0934
2792.3	58.3305	29.8666
2836.61	62.3282	29.1908
2882.49	63.2281	28.5177
2929.11	63.8798	27.8603
2976.48	64.3562	27.22
3024.63	64.5395	26.5947
3048.4	62.7987	26.2948
3048.6	62.8009	27.4437
3073.55	65.0879	27.1357
3123.26	65.9748	26.5392
3173.78	66.6126	25.9541
3225.11	67.1525	25.3787
3277.27	67.6292	24.8139
3330.28	68.0594	24.2603
3384.15	68.4519	23.7169
3438.88	68.8114	23.1832
3494.5	69.1422	22.6601
3551.02	69.4469	22.1465
3608.46	69.7283	21.6442
3666.82	69.9891	21.1514
3726.13	70.2302	20.6681
3786.4	70.4535	20.1946
3847.64	70.6594	19.7302
3909.87	70.8496	19.276
3973.11	71.026	18.8312
4037.38	71.1891	18.395
4102.68	71.3384	17.9671
4169.03	71.4754	17.549
4236.46	71.6016	17.1396
4304.98	71.717	16.7386
4374.62	71.8221	16.3462
4445.37	71.9177	15.9619
4517.27	72.0041	15.586
4590.33	72.082	15.2181
4664.58	72.1516	14.8581
4740.03	72.2135	14.5059
4816.69	72.268	14.1613
4894.6	72.3154	13.8242
4973.77	72.3561	13.4946
5054.21	72.3904	13.1722
5135.96	72.4186	12.8569
5219.03	72.441	12.5487
5303.44	72.4578	12.2473
5389.22	72.4693	11.9526
5476.39	72.4755	11.6646
5564.97	72.477	11.3831
5654.98	72.4737	11.1078
5746.44	72.4657	10.8389
5839.39	72.4532	10.576
5933.83	72.4365	10.3192
6029.81	72.4157	10.0684
6127.33	72.3908	9.8232
6226.44	72.3619	9.58373
6327.15	72.3292	9.34973
6429.48	72.2926	9.12121
6533.48	72.2523	8.89782
6639.15	72.2081	8.67966
6746.54	72.1601	8.46669
6855.65	72.1084	8.25845
6966.54	72.0527	8.05531
7079.22	71.9933	7.85688
7193.72	71.93	7.66294
7310.07	71.8623	7.47358
7428.31	71.7905	7.28887
7548.45	71.7143	7.10827
7670.54	71.6335	6.93217
7794.61	71.5477	6.76002
7920.68	71.4567	6.59216
8048.79	71.3601	6.42788
8178.98	71.2571	6.26762
8311.26	71.1475	6.11119
8445.69	71.0303	5.95852
8582.29	70.9049	5.80942
8721.11	70.7702	5.66397
8862.16	70.6248	5.5217
9005.5	70.4669	5.38297
9151.16	70.2946	5.24744
9299.17	70.1052	5.11523
9449.58	69.895	4.98608
9602.42	69.6592	4.86006
9757.73	69.3909	4.7367
9915.55	69.0803	4.61647
10075.9	68.7099	4.49461
10238.9	68.2477	4.37581
10404.5	67.6403	4.25999
10572.8	66.7528	4.14707
10743.8	65.0731	4.03701
10870.8	50.7973	3.95824
10871	50.7979	10.263
10917.6	63.1798	10.1836
11094.2	66.3357	9.89108
11273.6	67.4493	9.60696
11455.9	68.0632	9.33101
11641.2	68.409	9.06299
11829.5	68.5474	8.80266
12020.8	68.4566	8.54982
12215.3	67.9632	8.30424
12384.9	60.6457	8.09878
12385.1	60.647	11.3583
12412.8	66.3113	11.3152
12613.6	68.5697	11.0114
12817.6	69.0675	10.7157
12967.9	65.885	10.5059
12968.1	65.8856	12.078
13025	69.2207	11.9986
13235.6	70.4931	11.712
13449.7	71.1982	11.4307
13667.2	71.7342	11.1548
13888.3	72.1746	10.8842
14112.9	72.5498	10.6189
14341.2	72.8763	10.3589
14573.1	73.1641	10.1041
14808.9	73.4204	9.85458
15048.4	73.65	9.61021
15291.8	73.8568	9.37098
15539.1	74.0438	9.13682
15790.4	74.2132	8.90768
16045.8	74.3671	8.68351
16305.4	74.5071	8.46424
16569.1	74.6345	8.24981
16837.1	74.7505	8.04015
17109.4	74.8562	7.83521
17386.1	74.9524	7.63491
17667.4	75.0399	7.43917
17953.1	75.1195	7.24794
18243.5	75.1917	7.06114
18538.6	75.2571	6.87869
18838.4	75.3163	6.70052
19143.1	75.3696	6.52656
19452.7	75.4174	6.35673
19767.4	75.4603	6.19095
20087.1	75.4985	6.02916
20412	75.5324	5.87127
20742.1	75.5622	5.71723
21077.6	75.5882	5.56693
21418.5	75.6107	5.42032
21765	75.6299	5.27731
22117	75.646	5.13785
22474.7	75.6593	5.00185
22838.2	75.6699	4.86923
23207.6	75.678	4.73994
23583	75.6837	4.61389
23964.4	75.6873	4.49102
24352	75.6888	4.37126
24745.9	75.6884	4.25454
25146.2	75.6863	4.14079
25552.9	75.6825	4.02994
25966.2	75.6771	3.92194
26386.1	75.6703	3.81671
26812.9	75.6621	3.71419
27246.6	75.6527	3.61431
27687.3	75.6421	3.51703
28135.1	75.6305	3.42226
28590.2	75.6179	3.32997
29052.6	75.605	3.24008
29522.5	75.5995	3.15253
30000	75.5481	3.06728
30400	75.4893	3.05958
30800	75.4766	2.99205
31200	75.4635	2.92685
31500	75.4535	2.87942
31900	75.4398	2.81804
32300	75.4262	2.75872
32600	75.4159	2.71551
33000	75.4021	2.65955
33400	75.388	2.60488
33800	75.3739	2.55196
34100	75.363	2.51338
34500	75.3485	2.46335
34900	75.3338	2.41488
35300	75.3192	2.36779
35700	75.3043	2.3221
36030	75.292	2.28544
36500	75.2744	2.23479
37000	75.2557	2.18282
37500	75.2369	2.13273
38000	75.2182	2.08444
38500	75.1995	2.03779
39000	75.1808	1.99277
39500	75.1621	1.94929
40000	75.1434	1.9073
40500	75.1246	1.86639
41000	75.1059	1.82685
41500	75.0872	1.78861
42000	75.0685	1.75162
42400	75.0535	1.72288
42800	75.0385	1.69488
43522.2	75.0115	1.6461
44200	74.9861	1.6023
44800	74.9637	1.56504
45400	74.9412	1.52903
46000	74.9188	1.49425
46500	74.8999	1.46621
47000	74.881	1.43899
47500	74.8622	1.41255
48000	74.8433	1.38686
48500	74.8243	1.36191
49000	74.8053	1.33765
49500	74.7861	1.31406
50000	74.767	1.29112
51000	74.7283	1.24667
52000	74.6888	1.20457
53000	74.6485	1.16465
54000	74.6073	1.12677
55000	74.565	1.09077
56000	74.5215	1.05649
56800	74.4856	1.03026
57530	74.4519	1.0072
58000	74.4297	0.992777
58500	74.4055	0.977787
59000	74.3808	0.963331
59540	74.3534	0.947719
59800	74.3399	0.940427
60000	74.3294	0.934878
60800	74.2862	0.913093
61500	74.2465	0.894675
61900	74.223	0.884501
62300	74.1988	0.874326
62600	74.1801	0.866947
63000	74.1546	0.857108
63500	74.1215	0.845261
64000	74.0869	0.833414
64500	74.0506	0.82207
65000	74.0125	0.810727
65500	73.9723	0.799835
65900	73.9385	0.791122
66400	73.8938	0.780643
66830	73.853	0.771631
67100	73.8261	0.766147
67400	73.7949	0.760053
67700	73.7624	0.754104
68000	73.7281	0.748156
68300	73.6922	0.742398
68500	73.6671	0.73856
68800	73.6277	0.732802
69000	73.6001	0.728963
69300	73.5565	0.723433
69500	73.5259	0.719746
69800	73.4772	0.714216
70000	73.4427	0.710529
70300	73.3875	0.705193
70500	73.3481	0.701635
70800	73.2844	0.696299
70900	73.2618	0.694521
71000	73.2384	0.692742
71150	73.2018	0.690177
71300	73.1632	0.687612
71400	73.1362	0.685902
71500	73.1082	0.684192
71650	73.0639	0.681626
71800	73.0167	0.679061
71900	72.9834	0.677351
72000	72.9484	0.675641
72150	72.8925	0.673173
72300	72.8319	0.670705
72400	72.7885	0.66906
72500	72.7423	0.667415
72580	72.7031	0.666098
72650	72.6669	0.664947
72730	72.6233	0.66363
72800	72.5829	0.662479
72850	72.5528	0.661656
72900	72.5211	0.660833
72950	72.4881	0.660011
73000	72.4536	0.659188
73080	72.3948	0.657923
73150	72.3393	0.656817
73230	72.2704	0.655552
73300	72.2044	0.654445
73350	72.1535	0.653655
73400	72.0989	0.652864
73450	72.0401	0.652074
73470	72.0153	0.651758
73500	71.9764	0.651284
73540	71.9213	0.650651
73580	71.8621	0.650019
73620	71.7978	0.649386
73650	71.7458	0.648912
73670	71.7092	0.648596
73690	71.6707	0.64828
73710	71.6302	0.647964
73730	71.5875	0.647647
73745	71.5538	0.64741
73760	71.5187	0.647173
73780	71.4692	0.646857
73800	71.4164	0.646541
73815	71.3744	0.646304
73830	71.3299	0.646067
73850	71.2665	0.64575
73870	71.1976	0.645434
73885	71.1416	0.645197
73900	71.0814	0.64496
73910	71.0385	0.644802
73920	70.9933	0.644644
73930	70.9452	0.644486
73940	70.8942	0.644328
73947	70.8563	0.644217
73955	70.8108	0.64409
73963	70.7625	0.643964
73970	70.7178	0.643853
73980	70.6492	0.643695
73990	70.5741	0.643537
74000	70.4913	0.643379
74010	70.3991	0.643221
74015	70.3486	0.643142
74020	70.2947	0.643063
74025	70.237	0.642984
74030	70.1751	0.642905
74035	70.1077	0.642826
74040	70.0344	0.642747
74045	69.9537	0.642668
74050	69.8643	0.642589
74055	69.7634	0.64251
74058	69.6963	0.642462
74060	69.6483	0.64243
74063	69.5706	0.642383
74065	69.5142	0.642351
74068	69.4219	0.642304
74070	69.3539	0.642272
74073	69.2397	0.642225
74075	69.1537	0.642193
74077	69.0577	0.642162
74079	68.9487	0.64213
74080.5	68.8563	0.642106
74082	68.7515	0.642083
74083	68.6732	0.642067
74084	68.5858	0.642051
74085	68.488	0.642035
74086	68.3742	0.642019
74087.5	68.1582	0.641996
74089	67.8106	0.641972
74089	67.8065	0.641972
74089.1	67.8146	0.706081
74089.3	67.8248	0.8343
74089.7	67.8412	1.09074
74090.5	67.862	1.60361
74091.2	67.8521	1.12277
74091.9	67.8145	0.641926
74092.9	67.3809	0.641911
74093.9	66.857	0.641895
74094.9	66.0718	0.64188
74095.9	64.4459	0.641864
74096.7	66.0816	6.64599
74097.4	67.5418	11.8996
74097.9	68.5361	6.27071
74098.4	69.3815	0.641825
74098.7	70.0914	0.641822
74098.9	70.4806	0.641818
74099.9	68.8998	2.67887
74101.4	68.1201	1.94014
74102.2	67.9306	2.99628
74103	68.0617	3.52228
74104	68.6383	3.48132
74105	68.8249	3.44022
74106	68.9523	3.40015
74107	69.0529	3.36007
74108	69.1281	3.3207
74109	69.1869	3.28182
74110	69.2356	3.26347
74111	69.2798	3.24522
74112	69.3213	3.22707
74113	69.3583	3.20894
74113.8	69.3847	3.20063
74114.5	69.4059	3.19338
74115.2	69.4259	3.18607
74116	69.4502	3.17769
74117	69.4758	3.17239
74118	69.5031	3.16701
74120	69.5514	3.15638
74121.5	69.584	3.15357
74123	69.6157	3.15076
74124.5	69.6457	3.15094
74126	69.6753	3.15112
74130	69.75	3.15759
74132	69.786	3.1624
74135	69.8389	3.17045
74140	69.9245	3.18429
74145	70.0069	3.19633
74150	70.0856	3.20521
74155	70.1601	3.21053
74160	70.2295	3.21261
74165	70.2936	3.2122
74170	70.3525	3.21015
74174	70.396	3.20783
74178	70.4366	3.20552
74182	70.4746	3.2032
74185	70.5013	3.20146
74193	70.5681	3.19947
74200	70.6217	3.19773
74205	70.6576	3.19811
74210	70.6922	3.19849
74220	70.7584	3.20081
74235	70.8516	3.20421
74250	70.9377	3.20512
74265	71.016	3.20329
74280	71.0863	3.20031
74290	71.1293	3.19876
74300	71.1695	3.19722
74315	71.2265	3.19712
74330	71.2808	3.19702
74350	71.3488	3.19689
74380	71.4419	3.19481
74400	71.4984	3.19343
74420	71.5513	3.19225
74450	71.6251	3.19048
74470	71.6711	3.18931
74500	71.7359	3.18754
74520	71.7766	3.18607
74550	71.8341	3.18386
74570	71.8703	3.18238
74600	71.9219	3.18017
74630	71.9706	3.17796
74650	72.0015	3.17648
74680	72.0459	3.17427
74700	72.0742	3.1728
74740	72.1281	3.17026
74770	72.1665	3.16836
74800	72.2032	3.16646
74830	72.2384	3.16456
74870	72.2831	3.16202
74900	72.3149	3.16012
74930	72.3456	3.15821
74960	72.3755	3.15631
75020	72.4328	3.15247
75080	72.4875	3.14862
75140	72.5383	3.14478
75200	72.5874	3.14093
75280	72.6489	3.13581
75350	72.699	3.13132
75420	72.7465	3.12684
75500	72.7974	3.12171
75580	72.8449	3.11627
75650	72.8839	3.11151
75730	72.9269	3.10607
75800	72.963	3.10131
75900	73.0121	3.09507
76000	73.0586	3.08883
76150	73.124	3.08032
76300	73.1852	3.07181
76450	73.2428	3.06408
76600	73.2977	3.05636
76750	73.3506	3.0474
76900	73.4004	3.03844
77010	73.4355	3.03186
77110	73.4662	3.02589
77300	73.5214	3.01314
77400	73.5492	3.00643
77500	73.5761	2.99972
77600	73.6019	2.993
77700	73.6268	2.98629
77900	73.6739	2.97287
78100	73.7188	2.96032
78300	73.7613	2.94778
78450	73.7917	2.93837
78600	73.8209	2.92896
78800	73.8584	2.91725
79000	73.8944	2.90555
79150	73.9204	2.89677
79300	73.9454	2.88799
79500	73.9776	2.87726
79700	74.009	2.86653
79850	74.0319	2.85848
80000	74.0542	2.85043
80200	74.0832	2.83998
80400	74.1113	2.82954
80600	74.1384	2.81909
80800	74.1648	2.80864
81000	74.1904	2.7982
81200	74.2153	2.78775
81500	74.2517	2.77208
81700	74.2752	2.76163
81900	74.2978	2.75119
82100	74.3198	2.74074
82300	74.3413	2.73029
82700	74.3825	2.7094
83000	74.4124	2.69373
83300	74.4412	2.6778
83500	74.4595	2.66718
83800	74.4861	2.65126
84000	74.5032	2.64064
84300	74.5281	2.62521
84500	74.544	2.61492
84800	74.5673	2.59949
85000	74.5824	2.5892
85400	74.6115	2.56947
85800	74.6392	2.54974
86200	74.6658	2.53002
86500	74.6849	2.51522
86900	74.7095	2.49638
87300	74.733	2.47754
87700	74.7555	2.4587
88000	74.7716	2.44457
88300	74.7873	2.4313
88500	74.7975	2.42245
89000	74.8224	2.40033
89500	74.8463	2.37885
89800	74.86	2.36597
90000	74.869	2.35738
90400	74.8864	2.34102
90800	74.9034	2.32465
91200	74.9199	2.30829
91500	74.9319	2.29602
91900	74.9475	2.28034
92300	74.9626	2.26465
92700	74.9773	2.24897
93000	74.988	2.23721
93500	75.0053	2.21821
94000	75.022	2.19921
94500	75.0381	2.18072
94800	75.0475	2.16963
95000	75.0536	2.16224
95400	75.0657	2.14786
95800	75.0773	2.13349
96200	75.0887	2.11911
96500	75.0969	2.10833
96900	75.1077	2.09452
97300	75.1182	2.08072
97700	75.1283	2.06691
98000	75.1358	2.05656
98500	75.1479	2.03989
99000	75.1597	2.02322
99500	75.1711	2.00698
99800	75.1779	1.99724
99900	75.1802	1.994
100000	75.1825	1.99075
-1	-1	-1