1015.86	38.5881	26.4217
1032.29	39.3056	25.9082
1048.99	39.9085	25.3964
1065.96	40.427	24.8883
1083.2	40.8939	24.3903
1100.72	41.3203	23.9023
1118.52	41.7132	23.424
1136.61	42.0773	22.9555
1155	42.4162	22.4962
1173.68	42.7323	22.046
1192.66	43.0281	21.6051
1211.95	43.3055	21.1729
1231.55	43.5656	20.7492
1251.47	43.8099	20.3347
1271.72	44.0399	19.929
1292.29	44.2573	19.5319
1313.19	44.4628	19.1427
1334.43	44.6572	18.7613
1356.01	44.8414	18.3876
1377.94	45.0163	18.0214
1400.23	45.1828	17.6624
1422.88	45.3416	17.3105
1445.89	45.4945	16.9656
1469.28	45.6439	16.6252
1493.04	45.7907	16.2879
1517.19	45.9264	15.9423
1541.73	46.0481	15.602
1566.67	46.1584	15.2691
1592.01	46.2599	14.9432
1617.76	46.3538	14.6242
1643.92	46.4409	14.3119
1670.51	46.5222	14.0063
1697.53	46.5981	13.7073
1724.99	46.675	13.4147
1752.89	46.7465	13.1176
1781.24	46.8082	12.8234
1810.05	46.8607	12.5328
1839.32	46.9045	12.2487
1869.07	46.9417	11.971
1899.3	46.9728	11.6995
1930.02	46.9986	11.4343
1961.24	47.0195	11.1752
1992.96	47.0339	10.922
2025.2	47.0514	10.68
2057.95	47.0659	10.4326
2091.24	47.072	10.19
2125.06	47.0728	9.95209
2159.43	47.069	9.71947
2194.36	47.0609	9.49115
2229.85	47.048	9.26714
2265.92	47.0307	9.04814
2302.57	47.009	8.83346
2339.81	46.9835	8.62396
2377.66	46.9542	8.41836
2416.11	46.9204	8.21687
2455.19	46.883	8.02045
2494.9	46.8413	7.82754
2535.26	46.7959	7.63953
2576.26	46.7465	7.45519
2617.93	46.6929	7.27509
2660.27	46.6353	7.09909
2703.3	46.5736	6.92695
2747.03	46.5075	6.7587
2791.46	46.4371	6.59429
2836.61	46.3622	6.43359
2882.49	46.2825	6.27661
2929.11	46.1977	6.12319
2976.48	46.1077	5.97338
3024.63	46.0121	5.82702
3073.55	45.9106	5.68416
3123.26	45.8026	5.54454
3173.78	45.6875	5.40824
3225.11	45.5649	5.27515
3277.27	45.4338	5.1452
3330.28	45.2934	5.01833
3384.15	45.1426	4.89453
3438.88	44.98	4.77363
3494.5	44.804	4.65571
3551.02	44.6127	4.54053
3608.46	44.4033	4.42815
3666.82	44.1728	4.31851
3726.13	43.917	4.21152
3786.4	43.6303	4.10716
3847.64	43.3051	4.00531
3909.87	42.9306	3.90593
3973.11	42.4907	3.80893
4037.38	41.9598	3.7144
4102.68	41.2938	3.62216
4169.03	40.4045	3.53212
4236.46	39.0689	3.44428
4304.98	36.3202	3.35866
4341.3	21.2235	3.31469
4341.5	21.2252	11.3604
4374.62	36.0199	11.2248
4445.37	38.6748	10.9438
4517.27	39.4443	10.67
4590.33	38.6508	10.4029
4611.9	32.3643	10.3262
4612.1	32.3691	14.1634
4664.58	40.4554	13.9109
4740.03	42.0405	13.5604
4816.69	42.9005	13.2188
4894.6	43.2781	12.8855
4939.1	40.4125	12.7013
4939.3	40.4171	14.4492
4973.77	43.7779	14.3075
5054.21	45.0467	13.9858
5135.96	45.8702	13.6686
5219.03	46.5284	13.3558
5303.44	47.0861	13.0477
5389.22	47.5719	12.7443
5476.39	48.002	12.4458
5564.97	48.3871	12.1521
5654.98	48.7342	11.8635
5746.44	49.0489	11.5798
5839.39	49.3354	11.301
5933.83	49.597	11.0274
6029.81	49.8365	10.7586
6127.33	50.056	10.495
6226.44	50.2576	10.2364
6327.15	50.443	9.98292
6429.48	50.6134	9.73437
6533.48	50.77	9.49083
6639.15	50.9142	9.25244
6746.54	51.0469	9.01886
6855.65	51.1689	8.79031
6966.54	51.2812	8.56648
7079.22	51.384	8.34731
7193.72	51.4782	8.13295
7310.07	51.5645	7.92342
7428.31	51.6434	7.71862
7548.45	51.7154	7.51829
7670.54	51.7809	7.3224
7794.61	51.8401	7.13101
7920.68	51.8938	6.94428
8048.79	51.9423	6.76162
8178.98	51.9856	6.58325
8311.26	52.0244	6.40927
8445.69	52.0589	6.23916
8582.29	52.0889	6.07317
8721.11	52.1152	5.91143
8862.16	52.1381	5.75344
9005.5	52.1575	5.59935
9151.16	52.1738	5.44897
9299.17	52.187	5.30225
9449.58	52.1975	5.15935
9602.42	52.2054	5.01995
9757.73	52.2108	4.88385
9915.55	52.2139	4.75128
10075.9	52.2148	4.62211
10238.9	52.2136	4.49623
10404.5	52.2106	4.37356
10572.8	52.2058	4.25403
10743.8	52.1994	4.13759
10917.6	52.1914	4.02415
11094.2	52.182	3.91366
11273.6	52.1712	3.80605
11455.9	52.1591	3.70125
11641.2	52.1459	3.59921
11829.5	52.1316	3.49984
12020.8	52.1162	3.40311
12215.3	52.0998	3.30894
12412.8	52.0826	3.21727
12613.6	52.0645	3.12804
12817.6	52.0457	3.0412
13025	52.0261	2.95669
13235.6	52.0059	2.87445
13449.7	51.985	2.79443
13667.2	51.9635	2.71657
13888.3	51.9415	2.64082
14112.9	51.9189	2.56713
14341.2	51.8959	2.49544
14573.1	51.8724	2.4257
14808.9	51.8485	2.35788
15048.4	51.8242	2.29191
15291.8	51.7995	2.22775
15539.1	51.7745	2.16535
15790.4	51.7491	2.10468
16045.8	51.7233	2.04568
16305.4	51.6973	1.9883
16569.1	51.6709	1.93252
16837.1	51.6441	1.87829
17109.4	51.6171	1.82556
17386.1	51.5898	1.7743
17667.4	51.5621	1.72447
17953.1	51.5341	1.67603
18243.5	51.5058	1.62894
18538.6	51.4771	1.58317
18838.4	51.448	1.53868
19143.1	51.4185	1.49544
19452.7	51.3886	1.45342
19767.4	51.3582	1.41257
20087.1	51.3272	1.37288
20412	51.2958	1.3343
20742.1	51.2637	1.29681
21077.6	51.2309	1.26038
21418.5	51.1974	1.22498
21765	51.1631	1.19058
22117	51.1278	1.15716
22474.7	51.0915	1.12468
22838.2	51.0539	1.09312
23207.6	51.0151	1.06246
23583	50.9748	1.03267
23964.4	50.9327	1.00373
24352	50.8886	0.975603
24745.9	50.8422	0.948281
25146.2	50.7932	0.921736
25552.9	50.7411	0.895949
25966.2	50.6853	0.870896
26386.1	50.625	0.846556
26812.9	50.5595	0.822911
27246.6	50.4875	0.79994
27687.3	50.4074	0.777626
28135.1	50.3169	0.755948
28590.2	50.2129	0.73489
29052.6	50.0908	0.714433
29522.5	49.9444	0.69456
30000	49.7483	0.675257
30100	49.6341	0.637116
30200	49.5842	0.633254
30300	49.5308	0.629391
30400	49.4736	0.625529
30450	49.4433	0.623677
30500	49.4118	0.621825
30550	49.379	0.619974
30600	49.3448	0.618122
30680	49.2867	0.615159
30750	49.2322	0.612566
30820	49.1737	0.609974
30900	49.1011	0.607011
30950	49.0522	0.605238
31000	49.0001	0.603466
31050	48.9445	0.601693
31100	48.8849	0.59992
31150	48.8206	0.598148
31200	48.7508	0.596375
31220	48.7212	0.595666
31250	48.6747	0.594603
31280	48.6255	0.593539
31300	48.591	0.59283
31320	48.5551	0.592149
31350	48.4981	0.591128
31370	48.4578	0.590447
31400	48.3937	0.589426
31420	48.348	0.588745
31450	48.2747	0.587724
31470	48.222	0.587043
31485	48.1804	0.586533
31500	48.1366	0.586022
31515	48.0904	0.585511
31530	48.0417	0.585001
31550	47.9722	0.58432
31570	47.8968	0.583639
31590	47.8142	0.582958
31600	47.7697	0.582618
31610	47.723	0.582277
31620	47.6736	0.581937
31630	47.6213	0.581597
31640	47.5658	0.581256
31650	47.5065	0.580916
31658	47.4561	0.580644
31665	47.4096	0.580405
31672	47.3604	0.580167
31680	47.3007	0.579895
31690	47.2201	0.579554
31700	47.1315	0.579214
31710	47.0331	0.578873
31715	46.9796	0.578703
31720	46.9227	0.578533
31725	46.862	0.578363
31730	46.7969	0.578193
31735	46.7267	0.578022
31740	46.6506	0.577852
31745	46.5675	0.577682
31750	46.4759	0.577512
31755	46.374	0.577342
31760	46.2592	0.577171
31763	46.1824	0.577069
31765	46.1274	0.577001
31768	46.0379	0.576899
31770	45.9729	0.576831
31773	45.8657	0.576729
31775	45.7862	0.576661
31778	45.652	0.576559
31780	45.55	0.576491
31783	45.3707	0.576388
31785	45.2275	0.57632
31788	44.958	0.576218
31789	44.8471	0.576184
31790	44.7207	0.57615
31791.5	44.4922	0.576099
31793	44.1925	0.576048
31794	43.9288	0.576014
31795	43.5791	0.57598
31796	43.0811	0.575946
31797	42.2839	0.575912
31798.1	40.4655	0.575874
31799.2	32.8659	0.575837
31799.3	34.2674	6.01436
31799.4	36.1592	11.4529
31799.5	38.0441	16.8914
31799.9	45.6013	38.6455
31800.5	56.4295	0.575795
31801.1	50.6238	0.575775
31801.8	48.2672	0.575751
31802.5	47.0543	0.575728
31803.1	46.34	0.575708
31803.8	45.6571	0.575684
31804.4	45.084	0.575664
31804.7	44.7661	0.575654
31805.1	44.2525	0.57564
31805.4	43.7238	0.57563
31805.7	42.8792	0.57562
31805.9	43.1976	2.45554
31806	43.4333	3.3955
31806.4	44.3611	7.15533
31806.7	44.9208	3.86545
31807	45.4237	0.575579
31807	45.4031	0.575578
31807.6	45.0503	0.575558
31807.6	45.05	4.68395
31807.9	45.2387	0.575548
31808.2	45.4489	1.62251
31808.2	45.4486	0.68607
31808.9	44.212	1.58163
31809.2	44.064	2.43048
31809.6	44.145	3.17211
31810	44.5784	3.1842
31810.4	44.7646	3.19634
31810.8	44.8582	3.20778
31811.2	44.9302	3.21922
31811.6	44.989	3.22856
31812	45.0389	3.23791
31812.5	45.0916	3.2496
31813	45.1388	3.26129
31813.5	45.1815	3.2713
31814	45.2205	3.28131
31814.5	45.256	3.29093
31815	45.2898	3.30056
31815.5	45.3217	3.31019
31816	45.3524	3.31981
31816.5	45.3811	3.32871
31817	45.409	3.3376
31818	45.4623	3.3554
31819	45.5125	3.37189
31820	45.561	3.38839
31821	45.6074	3.4034
31822	45.6525	3.4184
31823	45.6962	3.43174
31824	45.739	3.44508
31826	45.8219	3.46814
31828	45.9012	3.48735
31830	45.9773	3.50277
31832	46.05	3.51458
31834	46.1193	3.52306
31836	46.185	3.52855
31838	46.2472	3.53155
31840	46.3061	3.53239
31843	46.3867	3.52913
31845	46.4363	3.52696
31848	46.5051	3.52051
31850	46.5473	3.51621
31853	46.6057	3.50915
31855	46.6415	3.50445
31858	46.6917	3.4984
31860	46.7226	3.49436
31863	46.7664	3.48999
31865	46.7938	3.48707
31870	46.8579	3.48302
31875	46.9171	3.48187
31880	46.9728	3.48301
31884	47.016	3.48537
31888	47.0582	3.48773
31895	47.1297	3.49251
31903	47.2083	3.49676
31910	47.2741	3.49839
31920	47.3615	3.49734
31930	47.4409	3.49349
31940	47.5126	3.48896
31950	47.5772	3.48444
31960	47.6369	3.4825
31970	47.6929	3.48057
31980	47.7461	3.48077
31990	47.7977	3.48097
32000	47.8473	3.48018
32010	47.8944	3.47938
32020	47.9395	3.47859
32030	47.9831	3.4778
32050	48.0647	3.47449
32070	48.1396	3.47118
32085	48.1922	3.46869
32100	48.2419	3.46621
32120	48.3045	3.4634
32140	48.3636	3.46059
32160	48.4195	3.45779
32180	48.4726	3.45498
32200	48.5231	3.45217
32220	48.5713	3.44936
32250	48.64	3.44515
32270	48.6835	3.44167
32290	48.725	3.43819
32310	48.7647	3.43471
32330	48.8028	3.43123
32360	48.8573	3.42601
32400	48.925	3.41905
32440	48.9884	3.41374
32480	49.0488	3.40844
32510	49.0922	3.40446
32550	49.1477	3.39915
32590	49.2006	3.39339
32630	49.2511	3.38764
32670	49.2995	3.38188
32700	49.3348	3.37756
32750	49.3911	3.36917
32800	49.4444	3.36078
32850	49.4951	3.35185
32900	49.5432	3.34292
32940	49.5801	3.33563
32980	49.6155	3.32833
33010	49.6411	3.32286
33050	49.6743	3.31557
33130	49.7372	3.30098
33200	49.7884	3.28821
33270	49.837	3.27688
33350	49.8901	3.26393
33420	49.9344	3.2526
33500	49.9823	3.23965
33570	50.0223	3.22934
33650	50.0665	3.21757
33720	50.1037	3.20726
33800	50.1445	3.19548
33850	50.1692	3.18848
33900	50.1934	3.18148
34000	50.2401	3.16748
34150	50.3069	3.14693
34300	50.3709	3.12639
34400	50.4119	3.11269
34500	50.4508	3.09899
34570	50.4772	3.0889
34650	50.5063	3.07737
34720	50.5311	3.06728
34800	50.5588	3.05575
34900	50.5922	3.04133
35000	50.6243	3.02692
35150	50.6702	3.00578
35300	50.7138	2.98463
35400	50.7417	2.97054
35500	50.7688	2.95644
35650	50.8078	2.93577
35800	50.8448	2.91511
35910	50.8708	2.89995
36030	50.898	2.88342
36160	50.9266	2.86659
36300	50.9563	2.84848
36400	50.9769	2.83553
36500	50.997	2.82259
36650	51.0261	2.80385
36800	51.0542	2.78511
36900	51.0723	2.77261
37000	51.09	2.76012
37150	51.1158	2.74204
37300	51.1406	2.72395
37400	51.1567	2.7119
37500	51.1724	2.69984
37650	51.1952	2.68238
37800	51.2173	2.66493
37900	51.2315	2.65329
38000	51.2453	2.64165
38150	51.2656	2.62526
38300	51.2854	2.60887
38400	51.2983	2.59794
38500	51.311	2.58701
38650	51.3296	2.57116
38800	51.3477	2.55531
38900	51.3596	2.54475
39000	51.3713	2.53418
39150	51.3884	2.51869
39300	51.4049	2.5032
39400	51.4158	2.49287
39500	51.4263	2.48254
39650	51.4419	2.46755
39800	51.457	2.45256
39900	51.467	2.44256
40000	51.4768	2.43257
40200	51.4958	2.4131
40400	51.5141	2.39363
40600	51.5317	2.37416
40800	51.5487	2.35469
40950	51.5611	2.34078
41100	51.5732	2.32688
41300	51.5888	2.30833
41500	51.6041	2.28979
41700	51.6188	2.27187
41900	51.633	2.25395
42100	51.6467	2.23604
42300	51.6599	2.21812
42450	51.6696	2.2053
42600	51.679	2.19249
42800	51.6912	2.1754
43000	51.7032	2.15831
43200	51.7148	2.14177
43400	51.7259	2.12523
43600	51.7366	2.10868
43800	51.747	2.09214
43950	51.7546	2.08029
44100	51.762	2.06844
44300	51.7716	2.05265
44500	51.7809	2.03685
44700	51.7899	2.02173
44900	51.7986	2.00662
45100	51.8071	1.9915
45300	51.8153	1.97638
45600	51.8272	1.95464
46000	51.8422	1.92565
46300	51.8529	1.90466
46500	51.8598	1.89067
46800	51.8697	1.87029
47000	51.8761	1.8567
47300	51.8854	1.83689
47500	51.8914	1.82368
48000	51.9059	1.79158
48300	51.9141	1.77271
48500	51.9193	1.76014
48800	51.9268	1.74127
49000	51.9316	1.72869
49500	51.9428	1.69854
49800	51.9492	1.68094
50000	51.9533	1.66921
50500	51.963	1.64094
51000	51.9718	1.61266
51500	51.98	1.58587
52000	51.9876	1.55907
52500	51.9945	1.53365
53000	52.0008	1.50823
53500	52.0067	1.48429
54000	52.0122	1.46035
54500	52.0173	1.43758
55000	52.0221	1.41482
55500	52.0265	1.3931
56000	52.0306	1.37138
56800	52.0365	1.33813
57530	52.0413	1.30888
58000	52.0442	1.29058
58500	52.047	1.27131
59540	52.052	1.23263
59800	52.0531	1.22326
60000	52.054	1.21612
60800	52.0569	1.18787
61500	52.0589	1.16399
62300	52.0608	1.13755
63000	52.0621	1.11509
64000	52.0633	1.0842
65000	52.0639	1.05462
65900	52.0641	1.02904
66830	52.0639	1.00362
67400	52.0636	0.988513
68000	52.0632	0.972995
69000	52.0622	0.947963
70000	52.0611	0.923922
71000	52.0596	0.900664
72000	52.0581	0.878304
72800	52.0564	0.861032
73500	52.055	0.846349
74200	52.0536	0.832051
74960	52.0521	0.81695
75500	52.0509	0.806366
76000	52.0498	0.796747
77110	52.047	0.776017
78600	52.043	0.749478
79300	52.0411	0.737492
80000	52.0392	0.725802
81500	52.0347	0.701621
83000	52.0302	0.678666
84000	52.0272	0.664001
85000	52.0243	0.649822
86500	52.0196	0.629325
88000	52.0149	0.60981
89000	52.0118	0.597315
90000	52.0087	0.585211
91500	52.004	0.567599
93000	51.9993	0.550792
94000	51.9961	0.540009
95000	51.993	0.529548
96500	51.9883	0.514383
98000	51.9836	0.499876
99000	51.9805	0.490552
99500	51.9789	0.48599
100000	51.9774	0.481493
-1	-1	-1