1015.86	31.8235	28.7079
1032.29	32.5537	28.4957
1048.99	33.2555	28.285
1065.96	33.9328	28.0759
1083.2	34.5928	27.8683
1100.72	35.2364	27.6539
1118.52	35.8555	27.4321
1136.61	36.4535	27.2122
1155	37.0349	26.994
1173.68	37.6023	26.7776
1192.66	38.1582	26.5629
1211.95	38.7048	26.3499
1231.55	39.2445	26.1386
1251.47	39.7803	25.9291
1271.72	40.3155	25.7211
1292.29	40.8552	25.5149
1313.19	41.4079	25.3103
1334.43	41.9972	25.1074
1356.01	42.6608	24.814
1377.94	43.2544	24.3966
1400.23	43.7468	23.9862
1422.88	44.2015	23.5827
1445.89	44.6256	23.186
1469.28	45.0252	22.796
1493.04	45.4048	22.4125
1517.19	45.7683	22.0355
1541.73	46.1205	21.6648
1566.67	46.4742	21.3003
1592.01	46.82	20.9032
1617.76	47.1331	20.4947
1643.92	47.4136	20.0941
1670.51	47.6743	19.7014
1697.53	47.9178	19.3164
1724.99	48.1461	18.9389
1752.89	48.3609	18.5687
1781.24	48.5636	18.2059
1810.05	48.7554	17.85
1839.32	48.9372	17.5012
1869.07	49.1149	17.158
1899.3	49.2814	16.8133
1930.02	49.434	16.4754
1961.24	49.5778	16.1444
1992.96	49.7102	15.8199
2025.2	49.8429	15.5102
2057.95	49.9708	15.1902
2091.24	50.0873	14.8756
2125.06	50.1945	14.5658
2159.43	50.2937	14.2614
2194.36	50.3858	13.9618
2229.85	50.4707	13.6668
2265.92	50.5487	13.377
2302.57	50.6202	13.0919
2339.81	50.6853	12.8117
2377.66	50.7445	12.5365
2416.11	50.7978	12.2656
2455.19	50.8451	11.9996
2494.9	50.8876	11.7387
2535.26	50.9246	11.4817
2576.26	50.9561	11.2295
2617.93	50.9825	10.9817
2660.27	51.0045	10.7388
2703.3	51.0214	10.4995
2747.03	51.0334	10.265
2791.46	51.0407	10.0347
2836.61	51.0441	9.80897
2882.49	51.0426	9.58613
2929.11	51.0363	9.36838
2976.48	51.0258	9.15433
3024.63	51.0109	8.94429
3073.55	50.9914	8.73803
3123.26	50.9675	8.53562
3173.78	50.939	8.33696
3225.11	50.906	8.14208
3277.27	50.8684	7.95075
3330.28	50.8259	7.76298
3384.15	50.7786	7.57878
3438.88	50.7262	7.39806
3494.5	50.6686	7.22064
3551.02	50.6055	7.04664
3608.46	50.5367	6.8759
3666.82	50.4618	6.70833
3726.13	50.3805	6.54405
3786.4	50.2923	6.38282
3847.64	50.1967	6.22461
3909.87	50.093	6.06941
3973.11	49.9805	5.91715
4037.38	49.8584	5.7678
4102.68	49.7255	5.62134
4169.03	49.5806	5.47759
4236.46	49.4221	5.33659
4304.98	49.248	5.19832
4374.62	49.0559	5.06265
4445.37	48.8425	4.92952
4517.27	48.6038	4.79903
4590.33	48.3344	4.67103
4664.58	48.0266	4.54529
4740.03	47.6696	4.42211
4816.69	47.2473	4.30125
4894.6	46.7334	4.18269
4973.77	46.0814	4.06638
5054.21	45.1951	3.95224
5135.96	43.8132	3.8403
5219.03	40.4393	3.73058
5246.9	26.8164	3.69486
5247.1	26.8174	11.3018
5303.44	42.131	11.0891
5389.22	44.1362	10.7771
5476.39	44.8272	10.474
5564.97	44.634	10.1793
5623.5	37.6496	9.99166
5623.7	37.6535	13.7185
5654.98	44.4926	13.5917
5746.44	46.5402	13.2315
5839.39	47.439	12.8809
5933.83	47.7822	12.5394
5988.7	44.8521	12.3476
5988.9	44.8558	14.0776
6029.81	48.2474	13.9432
6127.33	49.4817	13.6314
6226.44	50.2716	13.3239
6327.15	50.8992	13.0205
6429.48	51.4293	12.7216
6533.48	51.89	12.4269
6639.15	52.2971	12.1367
6746.54	52.6609	11.8513
6855.65	52.9885	11.5704
6966.54	53.2853	11.2943
7079.22	53.555	11.0228
7193.72	53.8011	10.7562
7310.07	54.0262	10.4945
7428.31	54.2325	10.2375
7548.45	54.4216	9.98525
7670.54	54.5951	9.73791
7794.61	54.7545	9.49546
7920.68	54.9009	9.25799
8048.79	55.0356	9.02501
8178.98	55.1592	8.79689
8311.26	55.2725	8.57343
8445.69	55.3764	8.35485
8582.29	55.4717	8.14094
8721.11	55.5589	7.9314
8862.16	55.6383	7.72653
9005.5	55.7107	7.52636
9151.16	55.7766	7.33034
9299.17	55.8363	7.13886
9449.58	55.8901	6.95164
9602.42	55.9385	6.76883
9757.73	55.9819	6.5902
9915.55	56.0205	6.4158
10075.9	56.0548	6.24546
10238.9	56.0848	6.07915
10404.5	56.111	5.91682
10572.8	56.1335	5.75838
10743.8	56.1526	5.60379
10917.6	56.1684	5.45295
11094.2	56.1813	5.30582
11273.6	56.1913	5.16231
11455.9	56.1986	5.02236
11641.2	56.2035	4.88591
11829.5	56.206	4.75287
12020.8	56.2064	4.6232
12215.3	56.2047	4.49681
12412.8	56.2011	4.37364
12613.6	56.1957	4.25362
12817.6	56.1887	4.13669
13025	56.18	4.02278
13235.6	56.1699	3.91182
13449.7	56.1585	3.80376
13667.2	56.1457	3.69851
13888.3	56.1318	3.59604
14112.9	56.1167	3.49626
14341.2	56.1007	3.39912
14573.1	56.0836	3.30456
14808.9	56.0656	3.21252
15048.4	56.0468	3.12293
15291.8	56.0273	3.03575
15539.1	56.007	2.95091
15790.4	55.986	2.86836
16045.8	55.9643	2.78805
16305.4	55.9421	2.70991
16569.1	55.9193	2.63389
16837.1	55.8961	2.55995
17109.4	55.8723	2.48804
17386.1	55.8481	2.41809
17667.4	55.8234	2.35006
17953.1	55.7984	2.28391
18243.5	55.7729	2.21959
18538.6	55.7471	2.15704
18838.4	55.721	2.09623
19143.1	55.6945	2.03711
19452.7	55.6677	1.97964
19767.4	55.6406	1.92377
20087.1	55.6131	1.86946
20412	55.5853	1.81667
20742.1	55.5573	1.76536
21077.6	55.5288	1.71549
21418.5	55.5001	1.66703
21765	55.471	1.61993
22117	55.4415	1.57417
22474.7	55.4117	1.5297
22838.2	55.3814	1.48648
23207.6	55.3507	1.4445
23583	55.3195	1.40371
23964.4	55.2877	1.36407
24352	55.2554	1.32557
24745.9	55.2224	1.28817
25146.2	55.1887	1.25183
25552.9	55.1543	1.21653
25966.2	55.1189	1.18224
26386.1	55.0826	1.14894
26812.9	55.0451	1.11659
27246.6	55.0064	1.08517
27687.3	54.9662	1.05465
28135.1	54.9244	1.02501
28590.2	54.8808	0.996231
29052.6	54.8351	0.968276
29522.5	54.7895	0.941128
30000	54.7272	0.914765
30400	54.6217	0.857729
30800	54.5749	0.837572
31200	54.5256	0.818139
31500	54.4867	0.804019
31700	54.4598	0.794895
31900	54.432	0.785772
32100	54.4033	0.776959
32300	54.3735	0.768147
32450	54.3504	0.761735
32600	54.3267	0.755324
32800	54.2938	0.747031
33000	54.2596	0.738737
33200	54.2237	0.730721
33400	54.1862	0.722706
33600	54.1467	0.714957
33800	54.1051	0.707209
33950	54.0723	0.701558
34100	54.038	0.695907
34300	53.9898	0.68857
34500	53.9382	0.681233
34600	53.911	0.677683
34700	53.8828	0.674132
34800	53.8535	0.670582
34900	53.823	0.667032
35000	53.7913	0.663595
35100	53.7581	0.660158
35200	53.7234	0.656721
35300	53.687	0.653284
35400	53.6488	0.649955
35500	53.6085	0.646626
35600	53.566	0.643298
35700	53.521	0.639969
35800	53.4732	0.636735
35900	53.4222	0.633502
35970	53.3844	0.631238
36030	53.3504	0.629298
36070	53.3269	0.62803
36120	53.2965	0.626444
36200	53.2453	0.623908
36250	53.2114	0.622345
36300	53.176	0.620783
36350	53.139	0.61922
36400	53.1002	0.617658
36440	53.0677	0.616432
36480	53.0338	0.615206
36510	53.0074	0.614286
36550	52.9708	0.61306
36590	52.9324	0.611834
36630	52.8921	0.610608
36670	52.8496	0.609382
36700	52.8163	0.608462
36750	52.7575	0.60699
36800	52.6942	0.605517
36850	52.6255	0.604045
36880	52.5814	0.603162
36900	52.5506	0.602573
36930	52.5021	0.60169
36950	52.4682	0.601101
36980	52.4145	0.600217
37000	52.3767	0.599628
37020	52.3372	0.599039
37050	52.2741	0.598156
37080	52.2059	0.597273
37100	52.1572	0.596684
37130	52.0785	0.5958
37150	52.0217	0.595212
37170	51.9608	0.594623
37185	51.9121	0.594181
37200	51.8605	0.593739
37215	51.8057	0.593298
37230	51.7471	0.592856
37240	51.7057	0.592561
37250	51.6622	0.592267
37260	51.6165	0.591973
37270	51.5683	0.591678
37285	51.4904	0.591236
37300	51.4051	0.590795
37308	51.3559	0.590559
37315	51.3104	0.590353
37323	51.2555	0.590117
37330	51.2044	0.589911
37340	51.126	0.589617
37350	51.0399	0.589322
37355	50.9934	0.589175
37360	50.9445	0.589028
37365	50.8926	0.588881
37370	50.8376	0.588734
37375	50.779	0.588586
37380	50.7162	0.588439
37385	50.6486	0.588292
37390	50.5756	0.588145
37395	50.496	0.587997
37400	50.4087	0.58785
37405	50.312	0.587703
37408	50.2485	0.587615
37410	50.2036	0.587556
37413	50.1316	0.587467
37415	50.0803	0.587408
37418	49.9972	0.58732
37420	49.9373	0.587261
37423	49.8392	0.587173
37425	49.7672	0.587114
37428	49.6474	0.587026
37430	49.5576	0.586967
37433	49.4034	0.586878
37435	49.2838	0.58682
37436	49.2175	0.58679
37437	49.1459	0.586761
37438	49.0682	0.586731
37439	48.9829	0.586702
37440.5	48.8384	0.586658
37442	48.6658	0.586613
37443	48.5295	0.586584
37444	48.3692	0.586555
37445	48.1752	0.586525
37445.5	48.0603	0.58651
37446	47.9287	0.586496
37446.6	47.7431	0.586478
37447.2	47.5104	0.58646
37447.8	47.2015	0.586443
37448.4	46.7589	0.586425
37448.4	46.7475	0.586425
37448.5	46.7131	0.696317
37448.7	46.6175	0.916101
37449.1	46.3401	1.35567
37449.5	45.8811	0.971026
37449.9	45.0038	0.586382
37450	44.5953	0.586378
37450.2	44.0136	0.586374
37450.5	45.486	6.11509
37450.9	47.447	13.4867
37451.3	49.3638	7.03652
37451.7	50.7378	0.586331
37451.8	50.1424	0.586326
37452	49.2413	0.586321
37452.4	48.6483	0.586309
37452.7	48.3627	3.71903
37453.1	48.1562	0.915693
37453.5	47.9473	1.40701
37454.1	47.4717	2.80295
37454.7	47.7314	3.50773
37455.4	48.3286	3.49494
37456	48.4974	3.48394
37456.5	48.6013	3.47572
37457	48.6901	3.4675
37457.5	48.7653	3.45932
37458	48.8314	3.45114
37458.5	48.8904	3.44496
37459	48.9447	3.43879
37459.5	48.9942	3.43262
37460	49.0401	3.42645
37460.5	49.0817	3.42258
37461	49.1214	3.41871
37461.5	49.1586	3.41482
37462	49.1938	3.41093
37462.5	49.2264	3.40914
37463	49.258	3.40735
37464	49.3171	3.40375
37465	49.3712	3.40346
37466	49.422	3.40317
37467	49.4692	3.40535
37468	49.5147	3.40754
37469	49.5576	3.41122
37470	49.5993	3.4149
37472	49.6789	3.42388
37473.5	49.7356	3.43081
37475	49.7907	3.43775
37476.5	49.8436	3.44358
37478	49.8951	3.44941
37480	49.9615	3.45517
37483	50.0544	3.46044
37485	50.1128	3.46182
37487	50.1679	3.46178
37490	50.244	3.45967
37493	50.3133	3.45602
37495	50.3562	3.45359
37498	50.4158	3.44964
37500	50.4525	3.44701
37503	50.5044	3.44442
37505	50.5367	3.44269
37510	50.6124	3.44124
37515	50.6826	3.44221
37520	50.749	3.44431
37525	50.8122	3.44612
37530	50.8727	3.44794
37535	50.9301	3.44774
37540	50.9841	3.44754
37545	51.0351	3.44601
37550	51.0824	3.44449
37555	51.1272	3.44369
37560	51.1701	3.44289
37570	51.2495	3.4413
37578	51.3085	3.4418
37585	51.3582	3.44223
37593	51.4124	3.44197
37600	51.4576	3.44175
37615	51.5478	3.43984
37630	51.6297	3.43792
37640	51.6808	3.43665
37650	51.7293	3.43537
37660	51.7755	3.43387
37670	51.8194	3.43236
37685	51.8818	3.43011
37700	51.9403	3.42785
37715	51.9954	3.42559
37730	52.0474	3.42334
37750	52.1127	3.42033
37770	52.1736	3.41732
37800	52.2578	3.41281
37820	52.3099	3.411
37840	52.3599	3.4092
37860	52.4078	3.4074
37880	52.4539	3.40559
37910	52.5195	3.40199
37950	52.601	3.39719
37990	52.6765	3.39099
38030	52.7463	3.38479
38070	52.8111	3.37809
38100	52.8564	3.37306
38140	52.9136	3.36751
38180	52.9679	3.36197
38220	53.0193	3.35642
38250	53.0558	3.35226
38290	53.1026	3.34795
38330	53.1478	3.34364
38360	53.1807	3.3404
38400	53.2232	3.33609
38480	53.3037	3.32699
38550	53.3702	3.31903
38630	53.4416	3.30842
38700	53.5004	3.29914
38750	53.5405	3.29177
38800	53.5788	3.2844
38850	53.6156	3.27703
38900	53.651	3.26966
38950	53.6852	3.26219
39000	53.7181	3.25473
39050	53.7498	3.24727
39100	53.7803	3.2398
39180	53.8273	3.22841
39250	53.8665	3.21845
39330	53.9094	3.20706
39400	53.9452	3.1971
39480	53.9845	3.18656
39550	54.0177	3.17734
39630	54.0543	3.1668
39700	54.0848	3.15758
39770	54.1147	3.14919
39850	54.148	3.1396
39920	54.1764	3.13121
40000	54.2082	3.12162
40100	54.2467	3.10932
40200	54.2834	3.09703
40300	54.3187	3.08474
40400	54.3527	3.07244
40500	54.3854	3.06014
40600	54.4171	3.04785
40700	54.4477	3.03555
40800	54.4773	3.02326
40950	54.52	3.00568
41100	54.5607	2.9881
41200	54.5868	2.97639
41300	54.6122	2.96467
41400	54.6369	2.95295
41500	54.661	2.94123
41600	54.6843	2.93005
41700	54.707	2.91887
41900	54.7507	2.89652
42100	54.7923	2.87416
42300	54.8319	2.85181
42450	54.8603	2.83581
42600	54.8878	2.8198
42800	54.9231	2.79847
43000	54.9571	2.77713
43200	54.9896	2.75633
43400	55.0205	2.73554
43600	55.0501	2.71474
43800	55.0785	2.69394
43950	55.099	2.67904
44100	55.119	2.66413
44300	55.1446	2.64426
44500	55.1692	2.62439
44700	55.1928	2.60553
44900	55.2156	2.58666
45100	55.2373	2.5678
45300	55.2584	2.54894
45450	55.2738	2.53557
45600	55.2889	2.5222
45800	55.3085	2.50437
46000	55.3274	2.48654
46150	55.3412	2.47362
46300	55.3547	2.4607
46500	55.3722	2.44348
46800	55.3975	2.41836
47000	55.4138	2.40161
47300	55.4373	2.37751
47500	55.4524	2.36144
47800	55.4744	2.33734
48000	55.4887	2.32127
48300	55.5093	2.29796
48500	55.5225	2.28242
48800	55.5415	2.25912
49000	55.5537	2.24358
49300	55.5714	2.22121
49500	55.5828	2.2063
49800	55.5993	2.18451
49900	55.6047	2.17725
50000	55.6101	2.16999
50300	55.6257	2.14872
50500	55.6356	2.13454
50800	55.65	2.11327
51000	55.6592	2.09909
51300	55.6726	2.07891
51500	55.6812	2.06545
51800	55.6937	2.04527
52000	55.7018	2.03181
52300	55.7135	2.01264
52500	55.7211	1.99986
52800	55.7322	1.98069
53000	55.7393	1.96791
53300	55.7498	1.94953
53500	55.7564	1.93727
53800	55.7661	1.91889
54000	55.7724	1.90663
54300	55.7815	1.88914
54500	55.7874	1.87748
55000	55.8017	1.84833
55300	55.8099	1.83138
55500	55.8151	1.82008
55800	55.8227	1.80313
56000	55.8275	1.79183
56400	55.8368	1.7702
56800	55.8456	1.74857
57200	55.8539	1.72772
57530	55.8605	1.71052
57800	55.8657	1.69684
58000	55.8695	1.68671
58500	55.8784	1.66176
59000	55.8866	1.63769
59540	55.8949	1.61169
59800	55.8986	1.59954
60000	55.9014	1.5903
60800	55.9118	1.55443
61500	55.9202	1.52409
62300	55.9288	1.49055
63000	55.9358	1.46214
64000	55.9446	1.42302
65000	55.9525	1.38553
65900	55.9587	1.35295
66830	55.9643	1.32053
67400	55.9675	1.30126
68000	55.9706	1.28146
69000	55.9752	1.24911
70000	55.979	1.21803
71000	55.9822	1.18784
72000	55.9846	1.15882
73500	55.9873	1.11727
74960	55.9888	1.07896
75500	55.9891	1.06533
76000	55.9894	1.05294
77110	55.9896	1.02623
78600	55.9893	0.992005
79300	55.9889	0.97654
80000	55.9886	0.961449
81500	55.9871	0.93018
83000	55.9856	0.900471
84000	55.9842	0.88148
85000	55.9829	0.863108
86500	55.9803	0.836374
88000	55.9777	0.810907
89000	55.9757	0.794593
90000	55.9737	0.778784
91500	55.9703	0.755848
93000	55.967	0.733945
94000	55.9645	0.719886
95000	55.9621	0.70624
96500	55.9584	0.68649
98000	55.9546	0.667585
99000	55.952	0.655426
99500	55.9508	0.649476
100000	55.9495	0.643608
-1	-1	-1