1015.86	51.7037	28.9006
1032.29	52.3369	28.4669
1048.99	52.8628	28.0364
1065.96	53.3168	27.6114
1083.2	53.7294	27.1925
1100.72	54.1093	26.7795
1118.52	54.4619	26.3723
1136.61	54.7906	25.9709
1155	55.0983	25.5756
1173.68	55.3878	25.1862
1192.66	55.6599	24.8017
1211.95	55.9159	24.4228
1231.55	56.157	24.0494
1251.47	56.3839	23.6812
1271.72	56.5976	23.3185
1292.29	56.7993	22.9612
1313.19	56.9891	22.6085
1334.43	57.1674	22.261
1356.01	57.3354	21.9187
1377.94	57.4931	21.5806
1400.23	57.6413	21.2474
1422.88	57.7809	20.9192
1445.89	57.9138	20.5955
1469.28	58.0434	20.2726
1493.04	58.1707	19.9485
1517.19	58.2811	19.6048
1541.73	58.3695	19.2634
1566.67	58.4392	18.9277
1592.01	58.4936	18.5967
1617.76	58.5331	18.2711
1643.92	58.5589	17.9511
1670.51	58.5716	17.6363
1697.53	58.5714	17.3265
1724.99	58.5652	17.0214
1752.89	58.5439	16.7074
1781.24	58.5009	16.3939
1810.05	58.4357	16.0819
1839.32	58.3477	15.7758
1869.07	58.2387	15.4754
1899.3	58.1082	15.1805
1930.02	57.9548	14.8906
1961.24	57.7769	14.6058
1992.96	57.5695	14.3258
2025.2	57.345	14.0599
2057.95	57.0898	13.78
2091.24	56.7907	13.5035
2125.06	56.4472	13.2301
2159.43	56.0535	12.9601
2194.36	55.6001	12.6921
2229.85	55.0762	12.4287
2265.92	54.4678	12.1683
2302.57	53.7528	11.9106
2339.81	52.902	11.6568
2377.66	51.8689	11.4055
2416.11	50.5794	11.1583
2455.19	48.8991	10.9141
2494.9	46.5395	10.6732
2535.26	42.6488	10.4354
2576.26	28.1189	10.2018
2579.5	9.13918	10.1838
2579.7	9.14246	27.1839
2617.93	40.3363	26.5725
2660.27	41.467	25.9213
2687.5	23.2248	25.5164
2687.7	23.2489	37.0195
2703.3	42.2812	36.6982
2747.03	49.1143	35.822
2791.46	52.6339	34.9676
2836.61	55.1051	34.1335
2882.49	56.9928	33.3201
2929.11	58.4818	32.5276
2976.48	59.6577	31.7549
3024.63	60.549	31.0012
3073.55	61.1241	30.2668
3123.26	61.1824	29.5496
3173.78	57.8803	28.8501
3176.8	52.7624	28.8092
3177	52.7669	33.535
3225.11	62.8945	32.7897
3277.27	64.7491	32.0124
3330.28	66.0397	31.2547
3384.15	67.0599	30.5161
3438.88	67.8991	29.7951
3494.5	68.5932	29.092
3551.02	69.15	28.4073
3608.46	69.5418	27.7403
3666.82	69.5695	27.0886
3696.2	66.9359	26.7703
3696.4	66.9379	28.375
3726.13	70.111	28.0453
3786.4	71.1324	27.3966
3847.64	71.7773	26.7648
3909.87	72.2333	26.1474
3973.11	72.3902	25.5451
3999	70.876	25.3053
3999.2	70.8774	26.2702
4037.38	72.9817	25.935
4102.68	73.729	25.3787
4169.03	74.2927	24.8312
4236.46	74.7772	24.2907
4304.98	75.2085	23.7588
4374.62	75.6002	23.236
4445.37	75.9584	22.7203
4517.27	76.2872	22.2137
4590.33	76.591	21.7155
4664.58	76.8712	21.2252
4740.03	77.1296	20.7437
4816.69	77.3686	20.2709
4894.6	77.5896	19.8067
4973.77	77.7937	19.3506
5054.21	77.9818	18.9033
5135.96	78.1552	18.4643
5219.03	78.3146	18.0338
5303.44	78.461	17.6115
5389.22	78.5948	17.1975
5476.39	78.717	16.7919
5564.97	78.8282	16.3946
5654.98	78.929	16.0053
5746.44	79.0199	15.6238
5839.39	79.1013	15.2503
5933.83	79.1738	14.8848
6029.81	79.238	14.5272
6127.33	79.294	14.1769
6226.44	79.3423	13.8345
6327.15	79.3834	13.4995
6429.48	79.4176	13.1719
6533.48	79.4452	12.8515
6639.15	79.4665	12.5383
6746.54	79.4818	12.2323
6855.65	79.4914	11.9329
6966.54	79.4953	11.6407
7079.22	79.4941	11.3551
7193.72	79.4878	11.076
7310.07	79.4765	10.8033
7428.31	79.4605	10.5373
7548.45	79.4401	10.2774
7670.54	79.4151	10.0236
7794.61	79.3859	9.77602
7920.68	79.3527	9.53421
8048.79	79.3153	9.29804
8178.98	79.2737	9.06776
8311.26	79.2283	8.84305
8445.69	79.1792	8.62377
8582.29	79.1259	8.40951
8721.11	79.0686	8.20086
8862.16	79.0075	7.99743
9005.5	78.9424	7.79859
9151.16	78.8731	7.60504
9299.17	78.7998	7.41595
9449.58	78.722	7.23172
9602.42	78.6397	7.05212
9757.73	78.5529	6.87721
9915.55	78.4638	6.7065
10075.9	78.369	6.53426
10238.9	78.2629	6.36673
10404.5	78.1491	6.20381
10572.8	78.0268	6.04538
10743.8	77.8953	5.89136
10917.6	77.7535	5.74164
11094.2	77.6	5.59611
11273.6	77.4329	5.45469
11455.9	77.25	5.31727
11641.2	77.0479	5.18377
11829.5	76.8221	5.05407
12020.8	76.5665	4.9281
12215.3	76.2715	4.80576
12412.8	75.9224	4.68697
12613.6	75.494	4.57162
12817.6	74.9378	4.45965
13025	74.1399	4.35095
13235.6	72.7017	4.24546
13418.5	58.2887	4.15727
13418.7	58.2892	10.2218
13449.7	69.4057	10.1806
13667.2	73.4755	9.89838
13888.3	74.6788	9.62401
14112.9	75.3581	9.35725
14341.2	75.785	9.09789
14573.1	76.0453	8.84571
14808.9	76.1675	8.60054
15048.4	76.1447	8.36215
15291.8	75.9175	8.13039
15539.1	75.2196	7.90505
15711	68.0671	7.75415
15711.2	68.0679	10.8698
15790.4	74.5726	10.7894
16045.8	75.9945	10.537
16305.4	76.1589	10.2906
16387.4	73.428	10.2147
16387.6	73.4285	11.5832
16569.1	77.072	11.4028
16837.1	77.9083	11.1451
17109.4	78.4815	10.8912
17386.1	78.9368	10.6412
17667.4	79.3186	10.395
17953.1	79.6481	10.1528
18243.5	79.9373	9.91464
18538.6	80.1944	9.68053
18838.4	80.4245	9.45049
19143.1	80.632	9.22457
19452.7	80.8196	9.00276
19767.4	80.9901	8.78506
20087.1	81.1452	8.57149
20412	81.2866	8.36203
20742.1	81.4156	8.15668
21077.6	81.5334	7.9554
21418.5	81.6411	7.75819
21765	81.7394	7.56501
22117	81.8291	7.37584
22474.7	81.911	7.19065
22838.2	81.9855	7.00938
23207.6	82.0533	6.83202
23583	82.1148	6.6585
23964.4	82.1705	6.48879
24352	82.2208	6.32284
24745.9	82.2661	6.16061
25146.2	82.3066	6.00204
25552.9	82.3428	5.84708
25966.2	82.3748	5.69568
26386.1	82.403	5.54777
26812.9	82.4277	5.40332
27246.6	82.4489	5.26226
27687.3	82.4671	5.12453
28135.1	82.4823	4.99008
28590.2	82.4947	4.85885
29052.6	82.5046	4.73079
29522.5	82.512	4.60582
30000	82.5172	4.48391
30200	82.3486	4.42027
30400	82.35	4.37166
30600	82.3511	4.32473
30800	82.3517	4.2778
31200	82.352	4.18712
31500	82.3515	4.12112
31900	82.35	4.03567
32300	82.3476	3.95303
32600	82.3453	3.89281
33000	82.3418	3.81478
33400	82.3376	3.73848
33800	82.3324	3.6646
34100	82.328	3.61071
34500	82.3217	3.54079
34900	82.3148	3.47301
35300	82.3074	3.40725
35700	82.2996	3.34345
36030	82.2928	3.29224
36500	82.2828	3.22143
37000	82.2717	3.14873
37500	82.2602	3.07862
38000	82.2485	3.01096
38500	82.2364	2.9454
39000	82.224	2.88208
39500	82.2113	2.8209
40000	82.1986	2.76176
40800	82.1777	2.67037
41500	82.1588	2.59428
42300	82.1367	2.51146
43000	82.1171	2.44238
43800	82.0945	2.36688
44500	82.0747	2.30381
45300	82.0517	2.23484
46000	82.0317	2.17701
46500	82.0172	2.13714
47000	82.0028	2.09842
47500	81.9882	2.06079
48000	81.9737	2.02423
48500	81.9593	1.98868
49000	81.9448	1.95411
50000	81.916	1.88776
51000	81.887	1.82432
52000	81.858	1.76417
52800	81.8347	1.71828
53640.6	81.8101	1.67206
54200	81.7937	1.64237
54800	81.7762	1.61145
55400	81.7586	1.58139
56000	81.741	1.55219
56800	81.7174	1.51455
57530	81.6959	1.48145
58000	81.682	1.46074
58500	81.6671	1.4392
59540	81.6363	1.39598
59800	81.6285	1.38549
60000	81.6226	1.37751
60800	81.5985	1.3461
61500	81.5774	1.31953
62300	81.5528	1.29016
63000	81.5313	1.26529
64000	81.5001	1.23106
65000	81.4684	1.19826
65900	81.4394	1.16984
66830	81.4089	1.14156
67400	81.3899	1.12476
68000	81.3696	1.10749
69000	81.335	1.07962
70000	81.2995	1.05283
71000	81.2628	1.02701
71500	81.244	1.01459
72000	81.2248	1.00217
72800	81.1933	0.983223
73500	81.1649	0.966644
74200	81.1355	0.950958
74960	81.1025	0.933927
75500	81.0782	0.922265
76000	81.0551	0.91167
76600	81.0264	0.899319
77110	81.0012	0.88882
77900	80.9605	0.873293
78600	80.9224	0.859535
79300	80.8823	0.846297
79700	80.8584	0.838914
80000	80.8399	0.833376
80400	80.8144	0.826225
80800	80.788	0.819073
81200	80.7605	0.811922
81500	80.7391	0.806558
81900	80.7095	0.799761
82300	80.6785	0.792963
82700	80.6461	0.786166
83000	80.6207	0.781068
83300	80.5943	0.776178
83500	80.5761	0.772919
83800	80.5478	0.768029
84000	80.5282	0.764769
84300	80.4978	0.760037
84500	80.4767	0.756883
84800	80.4437	0.752151
85000	80.4208	0.748997
85400	80.3723	0.742939
85600	80.3467	0.739909
85800	80.32	0.73688
86000	80.2923	0.733851
86200	80.2633	0.730822
86350	80.2407	0.72855
86500	80.2173	0.726278
86700	80.1847	0.72339
86900	80.1505	0.720503
87100	80.1145	0.717615
87300	80.0763	0.714728
87500	80.0359	0.71184
87700	79.9929	0.708952
87850	79.9587	0.706787
88000	79.9228	0.704621
88150	79.8848	0.702539
88300	79.8445	0.700457
88400	79.8163	0.699069
88500	79.7869	0.697681
88650	79.7403	0.695598
88800	79.6902	0.693516
88900	79.6548	0.692128
89000	79.6174	0.69074
89080	79.5859	0.689663
89150	79.5572	0.688721
89230	79.5229	0.687645
89300	79.4914	0.686703
89400	79.4439	0.685357
89450	79.4188	0.684684
89500	79.3929	0.684011
89580	79.3492	0.682935
89650	79.3087	0.681993
89730	79.2594	0.680916
89800	79.2133	0.679974
89850	79.1785	0.679302
89900	79.1419	0.678629
89950	79.1034	0.677956
90000	79.0626	0.677283
90020	79.0457	0.677018
90050	79.0195	0.676621
90100	78.9736	0.675958
90150	78.9246	0.675296
90200	78.8722	0.674633
90250	78.8157	0.673971
90300	78.7544	0.673309
90350	78.6877	0.672646
90380	78.6445	0.672249
90400	78.6143	0.671984
90420	78.5828	0.671723
90450	78.5329	0.671331
90470	78.4976	0.671069
90500	78.4414	0.670677
90520	78.4015	0.670416
90550	78.3373	0.670024
90570	78.2912	0.669763
90600	78.2164	0.669371
90615	78.1759	0.669175
90630	78.1332	0.668979
90650	78.0722	0.668717
90670	78.0059	0.668456
90690	77.9333	0.668195
90710	77.8529	0.667933
90720	77.8092	0.667803
90730	77.763	0.667672
90740	77.7137	0.667541
90750	77.6611	0.667411
90758	77.6162	0.667306
90765	77.5746	0.667215
90773	77.5242	0.66711
90780	77.4772	0.667019
90790	77.4045	0.666888
90800	77.3243	0.666757
90810	77.2346	0.666627
90815	77.1855	0.666561
90820	77.1331	0.666496
90825	77.0768	0.666431
90830	77.0161	0.666365
90835	76.9501	0.6663
90840	76.8782	0.666235
90845	76.7985	0.666169
90850	76.7096	0.666104
90855	76.6093	0.666039
90860	76.4938	0.665973
90863	76.4151	0.665934
90865	76.3578	0.665908
90868	76.263	0.665869
90870	76.1927	0.665843
90873	76.0736	0.665804
90875	75.9825	0.665777
90878	75.8224	0.665738
90880	75.6945	0.665712
90881.5	75.5826	0.665692
90883	75.4527	0.665673
90885	75.24	0.665647
90887	74.9559	0.665621
90888.5	74.6624	0.665601
90890	74.2387	0.665581
90891	73.8217	0.665568
90892	73.1837	0.665555
90892.7	72.4713	0.665546
90893.4	71.2555	0.665537
90893.5	71.4503	1.38612
90893.5	71.445	1.38612
90893.7	71.8799	2.8273
90893.9	72.3105	4.26847
90894.3	73.1692	7.15082
90895.2	75.084	13.6361
90897	78.8225	0.66549
90898.1	77.0737	0.665476
90899.1	75.8607	0.665463
90900	75.7319	0.665452
90901	75.7259	3.99996
90901.9	75.729	0.942159
90902.8	75.754	1.32056
90903.9	75.2521	2.03733
90905	75.2249	2.99685
90906	75.4228	3.00127
90907	75.7473	3.00577
90908	75.8423	3.01025
90909	75.9162	3.01472
90910	75.9746	3.01921
90911	76.0257	3.0237
90912.5	76.0903	3.03299
90914	76.1474	3.04229
90915	76.1831	3.0494
90916	76.2176	3.0565
90917	76.2501	3.06361
90918	76.2819	3.07072
90919	76.3128	3.07783
90920	76.3433	3.08495
90921.5	76.3879	3.09285
90923	76.4304	3.10076
90925	76.4859	3.11131
90928	76.5644	3.12002
90930	76.6144	3.12584
90933	76.6844	3.12822
90935	76.7282	3.12981
90938	76.7894	3.12796
90940	76.8272	3.12673
90943	76.8802	3.12269
90945	76.913	3.11999
90948	76.9586	3.11546
90950	76.9867	3.11244
90953	77.0262	3.10851
90955	77.0508	3.10589
90960	77.1077	3.10135
90965	77.1593	3.0991
90970	77.207	3.09892
90975	77.2527	3.10078
90980	77.2964	3.10265
90987	77.3554	3.10651
90995	77.4201	3.11027
91002	77.4736	3.11142
91010	77.5313	3.11274
91020	77.5981	3.11078
91030	77.6581	3.10882
91040	77.7132	3.10702
91050	77.7636	3.10523
91060	77.8106	3.10562
91070	77.8551	3.106
91090	77.9397	3.10677
91110	78.0166	3.10644
91130	78.0878	3.10611
91150	78.1522	3.1051
91170	78.2106	3.10409
91185	78.2523	3.10333
91200	78.2923	3.10257
91220	78.3429	3.10147
91240	78.3902	3.10037
91260	78.4349	3.09927
91280	78.4772	3.09817
91310	78.5367	3.09652
91350	78.6096	3.09432
91380	78.6601	3.09324
91420	78.7234	3.0918
91460	78.7825	3.09037
91500	78.8382	3.08893
91540	78.8904	3.08637
91580	78.9392	3.0838
91610	78.9739	3.08188
91650	79.0179	3.07932
91690	79.0595	3.07676
91730	79.0991	3.07419
91760	79.1275	3.07227
91800	79.1636	3.06971
91850	79.2066	3.06711
91900	79.2476	3.0645
91950	79.2866	3.0619
92000	79.3236	3.0593
92080	79.3797	3.05636
92150	79.4265	3.05379
92230	79.4773	3.05085
92300	79.52	3.04828
92350	79.5495	3.04574
92400	79.5778	3.0432
92500	79.6318	3.03812
92580	79.6727	3.03338
92650	79.7066	3.02923
92730	79.7437	3.02449
92800	79.7747	3.02034
92900	79.8169	3.01437
93000	79.8564	3.0084
93150	79.9124	3.00106
93300	79.9653	2.99372
93400	79.9988	2.98882
93500	80.0308	2.98393
93650	80.0768	2.97743
93800	80.1209	2.97093
93900	80.1491	2.9666
94000	80.1765	2.96227
94150	80.2163	2.95593
94300	80.2545	2.94959
94500	80.3038	2.94113
94800	80.3731	2.92645
94900	80.3949	2.92156
95000	80.4163	2.91667
95200	80.4575	2.90607
95400	80.4961	2.89546
95600	80.5328	2.88486
95800	80.5675	2.87426
96000	80.6007	2.86435
96200	80.6326	2.85443
96350	80.6557	2.847
96500	80.6779	2.83956
96700	80.7067	2.83023
96900	80.7345	2.8209
97100	80.7613	2.81157
97300	80.7869	2.80224
97500	80.8118	2.79369
97700	80.8361	2.78514
98000	80.8714	2.77232
98300	80.9053	2.75988
98500	80.9272	2.75158
98800	80.959	2.73914
99000	80.9795	2.73084
99300	81.0094	2.71889
99500	81.0289	2.71093
99800	81.0575	2.69898
99900	81.0669	2.69499
100000	81.0763	2.69101
-1	-1	-1