1015.86	39.1139	17.871
1032.29	39.3218	17.5164
1048.99	39.5138	17.1648
1065.96	39.6909	16.8161
1083.2	39.8538	16.4746
1100.72	40.0057	16.14
1118.52	40.1474	15.8122
1136.61	40.2799	15.4912
1155	40.4042	15.1767
1173.68	40.5204	14.8685
1192.66	40.6291	14.5665
1211.95	40.7309	14.2706
1231.55	40.8257	13.9807
1251.47	40.9144	13.6972
1271.72	40.9974	13.4198
1292.29	41.0752	13.1483
1313.19	41.1485	12.8825
1334.43	41.2173	12.6221
1356.01	41.2821	12.3669
1377.94	41.3431	12.1169
1400.23	41.4009	11.8719
1422.88	41.456	11.6319
1445.89	41.5107	11.3967
1469.28	41.5644	11.1634
1493.04	41.6226	10.9306
1517.19	41.6749	10.685
1541.73	41.71	10.4425
1566.67	41.7373	10.2055
1592.01	41.758	9.97405
1617.76	41.7731	9.7478
1643.92	41.7832	9.52656
1670.51	41.7887	9.31021
1697.53	41.7901	9.09884
1724.99	41.7888	8.89242
1752.89	41.7847	8.68657
1781.24	41.7746	8.48395
1810.05	41.7586	8.2847
1839.32	41.7374	8.09055
1869.07	41.712	7.90089
1899.3	41.6823	7.71539
1930.02	41.6482	7.53446
1961.24	41.6103	7.35786
1992.96	41.5679	7.18545
2025.2	41.5225	7.01915
2057.95	41.4755	6.85339
2091.24	41.4228	6.69071
2125.06	41.3651	6.53174
2159.43	41.3027	6.37653
2194.36	41.2356	6.22489
2229.85	41.1637	6.07701
2265.92	41.0868	5.9323
2302.57	41.0046	5.79105
2339.81	40.9166	5.65313
2377.66	40.8226	5.51848
2416.11	40.7221	5.38707
2455.19	40.6147	5.25884
2494.9	40.4997	5.1337
2535.26	40.3763	5.01163
2576.26	40.2437	4.89256
2617.93	40.1008	4.77642
2660.27	39.9462	4.66311
2703.3	39.7784	4.55267
2747.03	39.5953	4.44501
2791.46	39.3945	4.33998
2836.61	39.1727	4.23759
2882.49	38.9257	4.13785
2929.11	38.6479	4.04062
2976.48	38.3318	3.94587
3024.63	37.9662	3.85353
3073.55	37.5349	3.76361
3123.26	37.0115	3.67596
3173.78	36.3499	3.59056
3225.11	35.4564	3.50738
3277.27	34.0841	3.42637
3330.28	30.9467	3.34743
3351	18.161	3.31742
3351.2	18.1618	10.826
3384.15	31.9201	10.6678
3438.88	33.815	10.4135
3494.5	33.8391	10.1657
3523.6	27.6385	10.0399
3523.8	27.6422	13.7502
3551.02	34.6661	13.5923
3608.46	36.6213	13.2689
3666.82	37.6552	12.9532
3726.13	38.2768	12.6444
3786.4	38.076	12.3435
3805.7	35.7476	12.2496
3805.9	35.7534	14.0388
3847.64	39.3005	13.8258
3909.87	40.3636	13.5182
3973.11	41.1148	13.2155
4037.38	41.7267	12.9155
4102.68	42.2492	12.6208
4169.03	42.7075	12.3301
4236.46	43.1144	12.0439
4304.98	43.4794	11.7626
4374.62	43.8101	11.4863
4445.37	44.1104	11.2136
4517.27	44.384	10.946
4590.33	44.6343	10.6833
4664.58	44.8638	10.4251
4740.03	45.0746	10.1717
4816.69	45.2684	9.92324
4894.6	45.4468	9.67948
4973.77	45.611	9.44039
5054.21	45.7624	9.20601
5135.96	45.9017	8.97641
5219.03	46.0301	8.75149
5303.44	46.1482	8.53119
5389.22	46.2569	8.31557
5476.39	46.3569	8.10442
5564.97	46.4485	7.89794
5654.98	46.5325	7.69578
5746.44	46.6094	7.49817
5839.39	46.6798	7.30492
5933.83	46.7438	7.11596
6029.81	46.802	6.93126
6127.33	46.8547	6.75079
6226.44	46.9023	6.57444
6327.15	46.9451	6.40224
6429.48	46.9834	6.23409
6533.48	47.0175	6.06975
6639.15	47.0476	5.90945
6746.54	47.0741	5.7529
6855.65	47.0971	5.60018
6966.54	47.1167	5.45094
7079.22	47.1332	5.30552
7193.72	47.1469	5.16361
7310.07	47.1578	5.02523
7428.31	47.1663	4.89031
7548.45	47.1724	4.75869
7670.54	47.1763	4.63026
7794.61	47.1779	4.5051
7920.68	47.1777	4.38327
8048.79	47.1755	4.26427
8178.98	47.1718	4.14847
8311.26	47.1663	4.03554
8445.69	47.1593	3.92563
8582.29	47.1509	3.81844
8721.11	47.1413	3.71407
8862.16	47.1303	3.61232
9005.5	47.1181	3.51332
9151.16	47.105	3.41702
9299.17	47.091	3.32309
9449.58	47.0758	3.23157
9602.42	47.0597	3.14262
9757.73	47.043	3.05603
9915.55	47.0254	2.97157
10075.9	47.0071	2.88946
10238.9	46.9881	2.80955
10404.5	46.9685	2.73178
10572.8	46.9483	2.65609
10743.8	46.9276	2.58245
10917.6	46.9064	2.51078
11094.2	46.8847	2.44106
11273.6	46.8626	2.37322
11455.9	46.8401	2.30723
11641.2	46.8171	2.24304
11829.5	46.7938	2.18059
12020.8	46.7702	2.11985
12215.3	46.7462	2.06077
12412.8	46.7218	2.00331
12613.6	46.6972	1.94743
12817.6	46.6723	1.89309
13025	46.647	1.84024
13235.6	46.6215	1.78885
13449.7	46.5957	1.73889
13667.2	46.5696	1.6903
13888.3	46.5431	1.64307
14112.9	46.5164	1.59714
14341.2	46.4894	1.55249
14573.1	46.462	1.50908
14808.9	46.4342	1.46688
15048.4	46.4061	1.42586
15291.8	46.3776	1.38599
15539.1	46.3486	1.34723
15790.4	46.3192	1.30955
16045.8	46.2892	1.27293
16305.4	46.2587	1.23733
16569.1	46.2276	1.20274
16837.1	46.1957	1.16911
17109.4	46.1632	1.13643
17386.1	46.1297	1.10467
17667.4	46.0954	1.0738
17953.1	46.0599	1.04381
18243.5	46.0233	1.01465
18538.6	45.9853	0.986325
18838.4	45.9458	0.958794
19143.1	45.9046	0.932041
19452.7	45.8614	0.906044
19767.4	45.8159	0.88078
20087.1	45.7677	0.856231
20412	45.7164	0.832377
20742.1	45.6615	0.809197
21077.6	45.6022	0.786673
21418.5	45.5377	0.764788
21765	45.4668	0.743521
22117	45.388	0.722858
22474.7	45.2991	0.70278
22838.2	45.1973	0.68327
23207.6	45.078	0.664314
23583	44.9342	0.645895
23964.4	44.7539	0.627998
24352	44.5141	0.610608
24745.9	44.1612	0.593712
25146.2	43.5138	0.577294
25513.9	35.7672	0.562829
25514.1	35.7674	3.56169
25552.9	41.4593	3.5533
25966.2	43.8729	3.46583
26386.1	44.546	3.38
26812.9	44.9598	3.29582
27246.6	45.2599	3.21329
27687.3	45.4949	3.1324
28135.1	45.6872	3.05314
28590.2	45.8492	2.9755
29052.6	45.9888	2.89948
29522.5	46.118	2.82506
30000	46.1929	2.75222
30100	46.2231	2.7454
30200	46.2426	2.7309
30300	46.2617	2.71641
30400	46.2802	2.70192
30500	46.2983	2.68792
30600	46.3159	2.67392
30700	46.3331	2.65991
30800	46.3499	2.64591
30900	46.3662	2.63237
31000	46.3823	2.61883
31100	46.3979	2.60529
31200	46.4132	2.59175
31350	46.4355	2.57203
31420	46.4457	2.56283
31500	46.4574	2.55231
31600	46.4713	2.53929
31700	46.485	2.52627
31800	46.4984	2.51325
31900	46.5114	2.50023
32000	46.5241	2.48763
32100	46.5366	2.47503
32200	46.5487	2.46244
32300	46.5606	2.44984
32450	46.578	2.43148
32600	46.5949	2.41312
32800	46.6166	2.38932
32900	46.6272	2.37742
33000	46.6376	2.36552
33100	46.6479	2.35395
33200	46.6578	2.34238
33300	46.6675	2.33082
33400	46.677	2.31925
33500	46.6862	2.30768
33600	46.6953	2.29611
33700	46.7042	2.28455
33800	46.7129	2.27298
33950	46.7257	2.25652
34100	46.7382	2.24006
34200	46.7462	2.22909
34300	46.7541	2.21812
34400	46.7618	2.20714
34500	46.7694	2.19617
34700	46.784	2.17534
34900	46.7981	2.15452
35100	46.8118	2.13369
35300	46.8248	2.11287
35500	46.8373	2.09313
35700	46.8493	2.07339
35900	46.8609	2.05364
36030	46.8681	2.04081
36160	46.8752	2.02854
36300	46.8827	2.01533
36500	46.893	1.99646
36800	46.9077	1.96915
37000	46.9171	1.95094
37300	46.9306	1.9246
37500	46.9393	1.90704
37800	46.9517	1.88164
38000	46.9598	1.8647
38300	46.9713	1.83976
38500	46.9785	1.82313
38800	46.9888	1.79906
39000	46.9954	1.78302
39300	47.0048	1.75977
39500	47.0107	1.74427
39800	47.0193	1.72182
40000	47.0249	1.70685
40400	47.0353	1.67784
40800	47.0448	1.64883
41100	47.0515	1.62815
41500	47.0597	1.60057
41900	47.0673	1.57432
42300	47.0743	1.54808
42600	47.0792	1.52933
43000	47.0852	1.50433
43400	47.0908	1.48072
43800	47.096	1.4571
44500	47.1043	1.41766
45300	47.1127	1.37449
46000	47.1189	1.33824
46500	47.1228	1.31326
47000	47.1263	1.28901
47500	47.1295	1.26545
48000	47.1326	1.24256
48500	47.135	1.21994
49000	47.1375	1.19796
49500	47.1394	1.17659
50000	47.1411	1.15581
51000	47.1436	1.11545
52000	47.1449	1.07725
53000	47.1453	1.04104
54000	47.1451	1.00666
55000	47.1443	0.974015
56000	47.143	0.94297
56800	47.1416	0.919229
57530	47.1402	0.898367
58000	47.1392	0.885322
58500	47.1382	0.871682
59540	47.1356	0.844337
59800	47.135	0.837709
60000	47.1345	0.832665
60800	47.1322	0.812801
61500	47.1302	0.796015
62300	47.1276	0.77744
63000	47.1254	0.761673
64000	47.1219	0.739993
65000	47.1184	0.719251
65900	47.115	0.701294
66830	47.1115	0.683454
67400	47.1093	0.672864
68000	47.107	0.661988
69000	47.1031	0.644455
70000	47.0992	0.627628
71000	47.0952	0.611395
72000	47.0912	0.595801
72800	47.088	0.583762
73500	47.0853	0.573533
74200	47.0825	0.563577
74960	47.0795	0.553067
75500	47.0773	0.545722
76000	47.0754	0.53905
77110	47.071	0.524678
78600	47.0651	0.506294
79300	47.0624	0.497996
80000	47.0596	0.489906
81500	47.0539	0.473188
83000	47.0482	0.45733
84000	47.0445	0.447207
85000	47.0407	0.437423
86500	47.0353	0.423307
88000	47.0299	0.409878
89000	47.0263	0.401285
90000	47.0227	0.392965
91500	47.0177	0.38091
93000	47.0126	0.369413
94000	47.0093	0.36204
95000	47.0059	0.35489
96500	47.0011	0.344539
98000	46.9964	0.334643
99000	46.9933	0.328285
99500	46.9918	0.325175
100000	46.9902	0.32211
-1	-1	-1