1015.86	39.1722	24.5919
1032.29	39.8409	24.1034
1048.99	40.3666	23.6181
1065.96	40.8285	23.1379
1083.2	41.2421	22.6673
1100.72	41.6191	22.2063
1118.52	41.9653	21.7546
1136.61	42.2852	21.3122
1155	42.582	20.8787
1173.68	42.8582	20.4541
1192.66	43.1157	20.0381
1211.95	43.3563	19.6306
1231.55	43.5811	19.2314
1251.47	43.7915	18.8408
1271.72	43.9888	18.4587
1292.29	44.1743	18.0848
1313.19	44.3492	17.7188
1334.43	44.5141	17.36
1356.01	44.6693	17.0084
1377.94	44.8157	16.664
1400.23	44.9542	16.3266
1422.88	45.0852	15.9959
1445.89	45.2103	15.6722
1469.28	45.3301	15.3534
1493.04	45.4472	15.0386
1517.19	45.5555	14.721
1541.73	45.6518	14.4089
1566.67	45.7397	14.1035
1592.01	45.8203	13.8043
1617.76	45.8941	13.5115
1643.92	45.9621	13.2251
1670.51	46.0248	12.9447
1697.53	46.0829	12.6702
1724.99	46.1381	12.4016
1752.89	46.1889	12.1337
1781.24	46.2335	11.8698
1810.05	46.2712	11.6103
1839.32	46.3032	11.3568
1869.07	46.3304	11.1087
1899.3	46.3532	10.8659
1930.02	46.3716	10.6284
1961.24	46.3864	10.3962
1992.96	46.396	10.1692
2025.2	46.406	9.95145
2057.95	46.4146	9.73074
2091.24	46.4177	9.51375
2125.06	46.4161	9.30114
2159.43	46.4106	9.09249
2194.36	46.4018	8.8883
2229.85	46.3892	8.68723
2265.92	46.373	8.49054
2302.57	46.353	8.29714
2339.81	46.3297	8.1081
2377.66	46.303	7.92205
2416.11	46.2724	7.73973
2455.19	46.2385	7.56087
2494.9	46.2005	7.38506
2535.26	46.1587	7.21297
2576.26	46.1131	7.04407
2617.93	46.0635	6.87843
2660.27	46.0098	6.71593
2703.3	45.9518	6.55647
2747.03	45.8892	6.40002
2791.46	45.8218	6.24657
2836.61	45.7495	6.09612
2882.49	45.6718	5.94841
2929.11	45.5882	5.80354
2976.48	45.4986	5.66146
3024.63	45.4021	5.52205
3073.55	45.2985	5.38534
3123.26	45.1867	5.25113
3173.78	45.0661	5.11949
3225.11	44.9355	4.99039
3277.27	44.7938	4.86368
3330.28	44.6395	4.73933
3384.15	44.4705	4.61737
3438.88	44.2846	4.49774
3494.5	44.079	4.3804
3551.02	43.8496	4.26514
3608.46	43.5912	4.15211
3666.82	43.2971	4.04124
3726.13	42.957	3.93245
3786.4	42.5562	3.82567
3847.64	42.0709	3.72091
3909.87	41.4596	3.61811
3973.11	40.6392	3.51726
4037.38	39.3939	3.41825
4102.68	36.7362	3.3214
4132.1	23.9024	3.27915
4132.3	23.9039	10.3431
4169.03	37.0855	10.2034
4236.46	39.1169	9.9549
4304.98	39.6096	9.71245
4374.62	37.5446	9.47607
4380.3	33.0068	9.45719
4380.5	33.011	13.0236
4445.37	40.9183	12.718
4517.27	42.1683	12.3926
4590.33	42.8546	12.0757
4664.58	43.026	11.7667
4698.2	40.1599	11.631
4698.4	40.1643	13.3768
4740.03	43.7255	13.2023
4816.69	44.8387	12.8907
4894.6	45.5823	12.5846
4973.77	46.1761	12.2838
5054.21	46.6772	11.9886
5135.96	47.112	11.6989
5219.03	47.4956	11.4149
5303.44	47.8376	11.1361
5389.22	48.1446	10.8629
5476.39	48.4219	10.5952
5564.97	48.6734	10.3328
5654.98	48.9023	10.0759
5746.44	49.1111	9.82416
5839.39	49.3017	9.5778
5933.83	49.4761	9.33672
6029.81	49.6359	9.10089
6127.33	49.7823	8.87002
6226.44	49.9164	8.64429
6327.15	50.0394	8.42356
6429.48	50.152	8.2077
6533.48	50.2551	7.99676
6639.15	50.3495	7.79056
6746.54	50.4356	7.58921
6855.65	50.5144	7.39245
6966.54	50.586	7.20018
7079.22	50.6511	7.01252
7193.72	50.7102	6.8292
7310.07	50.7636	6.65031
7428.31	50.8118	6.47568
7548.45	50.8551	6.30508
7670.54	50.8936	6.13881
7794.61	50.9279	5.97654
7920.68	50.9583	5.81823
8048.79	50.9849	5.6637
8178.98	51.0079	5.51302
8311.26	51.0275	5.36603
8445.69	51.0442	5.22294
8582.29	51.0581	5.08311
8721.11	51.069	4.94687
8862.16	51.0775	4.81417
9005.5	51.0836	4.68483
9151.16	51.0876	4.55874
9299.17	51.0894	4.43583
9449.58	51.0893	4.31615
9602.42	51.0875	4.19954
9757.73	51.084	4.08576
9915.55	51.0788	3.97516
10075.9	51.0723	3.8673
10238.9	51.0643	3.76223
10404.5	51.055	3.65991
10572.8	51.0445	3.56025
10743.8	51.0329	3.4632
10917.6	51.0202	3.36871
11094.2	51.0066	3.27669
11273.6	50.992	3.18711
11455.9	50.9766	3.09989
11641.2	50.9604	3.01499
11829.5	50.9434	2.93234
12020.8	50.9258	2.85188
12215.3	50.9075	2.77357
12412.8	50.8886	2.69735
12613.6	50.8692	2.62317
12817.6	50.8492	2.55098
13025	50.8287	2.48072
13235.6	50.8078	2.41235
13449.7	50.7865	2.34582
13667.2	50.7647	2.28108
13888.3	50.7426	2.2181
14112.9	50.7201	2.15681
14341.2	50.6973	2.09718
14573.1	50.6741	2.03916
14808.9	50.6506	1.98272
15048.4	50.6268	1.92781
15291.8	50.6027	1.87439
15539.1	50.5783	1.82243
15790.4	50.5536	1.77188
16045.8	50.5287	1.72271
16305.4	50.5034	1.67487
16569.1	50.4778	1.62835
16837.1	50.4519	1.58309
17109.4	50.4257	1.53907
17386.1	50.3992	1.49625
17667.4	50.3723	1.45461
17953.1	50.345	1.4141
18243.5	50.3173	1.3747
18538.6	50.2891	1.33639
18838.4	50.2605	1.29912
19143.1	50.2314	1.26287
19452.7	50.2017	1.22762
19767.4	50.1714	1.19334
20087.1	50.1404	1.15999
20412	50.1086	1.12756
20742.1	50.076	1.09603
21077.6	50.0424	1.06535
21418.5	50.0078	1.03552
21765	49.972	1.00651
22117	49.9348	0.978292
22474.7	49.8962	0.950852
22838.2	49.8558	0.924163
23207.6	49.8134	0.898208
23583	49.7688	0.872965
23964.4	49.7215	0.848415
24352	49.6712	0.824537
24745.9	49.6173	0.801315
25146.2	49.5592	0.77873
25552.9	49.4959	0.756764
25966.2	49.4263	0.7354
26386.1	49.3491	0.71462
26812.9	49.2621	0.69441
27246.6	49.1625	0.674753
27687.3	49.046	0.655634
28135.1	48.906	0.637037
28590.2	48.7313	0.618949
29052.6	48.5005	0.601355
29522.5	48.1654	0.584241
30000	47.5711	0.567594
30010	47.5516	0.589704
30020	47.5322	0.589344
30050	47.4711	0.588262
30070	47.4277	0.587541
30100	47.3583	0.58646
30120	47.3087	0.585739
30135	47.2695	0.585198
30150	47.2285	0.584658
30165	47.1854	0.584117
30180	47.1401	0.583576
30200	47.0758	0.582855
30215	47.0242	0.582326
30230	46.9694	0.581797
30250	46.8907	0.581092
30270	46.8042	0.580387
30285	46.7332	0.579858
30293	46.6929	0.579576
30300	46.6561	0.579329
30310	46.6008	0.578976
30320	46.5418	0.578624
30330	46.4786	0.578271
30340	46.4107	0.577919
30350	46.3371	0.577566
30360	46.2571	0.577213
30370	46.1693	0.576861
30380	46.0721	0.576508
30388	45.9859	0.576226
30395	45.9032	0.575979
30403	45.7986	0.575697
30410	45.696	0.575451
30414	45.6318	0.575309
30418	45.5627	0.575168
30422	45.488	0.575027
30425	45.4277	0.574922
30429	45.3406	0.574781
30432	45.2694	0.574675
30436	45.165	0.574534
30440	45.0474	0.574393
30443	44.9481	0.574287
30445	44.8754	0.574216
30448	44.7546	0.574111
30450	44.6645	0.57404
30453	44.5105	0.573934
30455	44.3919	0.573864
30458	44.1806	0.573758
30460	44.009	0.573688
30462	43.8006	0.573617
30464	43.5379	0.573546
30465.5	43.2857	0.573494
30467	42.9574	0.573441
30468.5	42.4994	0.573388
30469.3	42.1644	0.57336
30470	41.7846	0.573335
30471	41	0.5733
30472	39.5987	0.573264
30472.8	37.1971	0.573236
30473.6	29.1676	0.573208
30473.7	29.5541	7.47562
30473.8	32.0603	14.378
30473.9	34.5586	21.2804
30474.3	44.5661	48.8901
30474.9	57.8157	0.573166
30475.4	51.3345	0.573149
30475.9	48.7227	0.573131
30476.4	47.2292	0.573114
30476.9	46.2041	0.573096
30477.4	45.375	0.573079
30477.9	44.6006	0.573061
30478.4	43.7011	0.573044
30478.9	42.2364	0.573026
30479	42.487	1.75836
30479.2	43.0221	4.12904
30479.5	43.7619	7.68506
30480.1	44.7903	0.572983
30480.1	44.7804	0.572983
30480.7	44.416	0.572962
30480.7	44.3903	5.4441
30481	44.6177	0.572951
30481.3	44.8898	1.39439
30481.4	44.8413	0.804273
30481.9	43.593	1.77405
30482.3	43.3949	2.89807
30482.7	43.5606	3.3199
30483.1	44.0173	3.32222
30483.5	44.1336	3.32455
30483.9	44.2112	3.32692
30484.3	44.2686	3.32929
30484.6	44.3046	3.33113
30485	44.3452	3.33358
30485.5	44.3874	3.33705
30486	44.4244	3.34053
30486.5	44.4568	3.34401
30487	44.4864	3.34748
30487.5	44.5131	3.35197
30488	44.5382	3.35645
30488.5	44.5621	3.36093
30489	44.5851	3.36542
30489.5	44.6066	3.37071
30490	44.6277	3.376
30491	44.6682	3.38659
30492	44.7066	3.39798
30493	44.7444	3.40936
30493.8	44.7735	3.41841
30494.5	44.7986	3.42632
30496	44.8522	3.44328
30498	44.9218	3.46416
30500	44.99	3.48275
30501.5	45.0402	3.49489
30503	45.0897	3.5055
30505	45.1537	3.51702
30507	45.2156	3.52569
30508.5	45.2605	3.53039
30510	45.3043	3.53371
30512	45.3594	3.53522
30514	45.4118	3.53673
30516	45.4616	3.53505
30518	45.5082	3.53337
30520	45.5524	3.52993
30522	45.5937	3.52649
30525	45.6512	3.52036
30529	45.7204	3.51254
30533	45.7821	3.50471
30536	45.8244	3.50095
30540	45.8767	3.49593
30544	45.9253	3.49437
30548	45.9713	3.49281
30552	46.015	3.49398
30555	46.047	3.49485
30563	46.1293	3.49974
30570	46.1988	3.50408
30578	46.2751	3.50733
30585	46.3387	3.5081
30593	46.4068	3.50679
30597	46.4389	3.50535
30600	46.4622	3.50427
30608	46.5208	3.50141
30615	46.5682	3.49891
30623	46.6185	3.49604
30630	46.6605	3.49354
30640	46.7167	3.4928
30650	46.7707	3.49206
30660	46.8224	3.49241
30670	46.8727	3.49276
30685	46.9441	3.49104
30700	47.0103	3.48933
30710	47.0522	3.48797
30720	47.0923	3.48662
30735	47.1497	3.48458
30750	47.2039	3.48255
30765	47.2554	3.48052
30780	47.3046	3.47848
30800	47.367	3.47577
30820	47.4259	3.47218
30840	47.4813	3.46858
30860	47.5336	3.46499
30880	47.5834	3.4614
30895	47.6191	3.4587
30910	47.6536	3.45601
30950	47.7399	3.44882
30980	47.8	3.44409
31020	47.8753	3.43779
31060	47.9456	3.43149
31100	48.0113	3.42519
31140	48.0732	3.41943
31180	48.132	3.41367
31210	48.1742	3.40935
31250	48.2285	3.40359
31280	48.2676	3.39876
31320	48.3175	3.39233
31360	48.3652	3.38589
31400	48.4114	3.37946
31430	48.4449	3.37391
31470	48.4875	3.36651
31510	48.5284	3.3591
31550	48.5679	3.3517
31590	48.6059	3.34361
31630	48.642	3.33553
31660	48.6681	3.32947
31700	48.7013	3.32138
31750	48.7412	3.31271
31800	48.7799	3.30403
31850	48.8174	3.29536
31900	48.8534	3.28669
31950	48.8882	3.27816
32000	48.9218	3.26964
32050	48.9542	3.26111
32100	48.9852	3.25258
32180	49.0331	3.24027
32250	49.0735	3.22951
32330	49.1178	3.2172
32400	49.155	3.20643
32480	49.1959	3.19504
32550	49.2307	3.18508
32630	49.2693	3.17369
32700	49.3023	3.16373
32770	49.3344	3.15348
32850	49.3697	3.14177
32920	49.3997	3.13151
33000	49.4331	3.1198
33100	49.4734	3.10473
33200	49.5119	3.08965
33300	49.5491	3.07458
33400	49.5849	3.05951
33500	49.6193	3.04443
33600	49.6525	3.02936
33700	49.6842	3.01428
33800	49.7148	2.99921
33880	49.7384	2.98737
33950	49.7586	2.97701
34030	49.781	2.96518
34100	49.8001	2.95482
34200	49.8267	2.94048
34300	49.8524	2.92614
34400	49.8773	2.9118
34500	49.9015	2.89746
34600	49.9249	2.88356
34700	49.9476	2.86966
34800	49.9696	2.85576
34900	49.991	2.84186
35000	50.0115	2.82869
35100	50.0315	2.81553
35300	50.0703	2.7892
35500	50.1073	2.76386
35700	50.1426	2.73851
35900	50.1762	2.71384
36030	50.1972	2.6978
36160	50.2176	2.68222
36300	50.2389	2.66545
36400	50.2537	2.65346
36500	50.2681	2.64148
36650	50.2891	2.62433
36800	50.3096	2.60717
36900	50.3229	2.59574
37000	50.336	2.5843
37150	50.3551	2.56774
37300	50.3736	2.55118
37400	50.3857	2.54014
37500	50.3975	2.5291
37650	50.4149	2.5131
37800	50.4318	2.49711
37900	50.4428	2.48644
38000	50.4537	2.47578
38150	50.4696	2.46019
38300	50.485	2.44459
38400	50.4951	2.4342
38500	50.5049	2.4238
38650	50.5194	2.40873
38800	50.5335	2.39365
38900	50.5427	2.3836
39000	50.5518	2.37355
39150	50.5651	2.35884
39300	50.578	2.34413
39400	50.5865	2.33433
39500	50.5948	2.32452
39650	50.6069	2.31029
39800	50.6188	2.29607
39900	50.6266	2.28658
40000	50.6344	2.2771
40100	50.642	2.26782
40200	50.6494	2.25854
40300	50.6567	2.24927
40400	50.6638	2.23999
40600	50.6776	2.22143
40800	50.691	2.20288
40950	50.7007	2.18963
41100	50.7102	2.17638
41300	50.7224	2.15872
41500	50.7344	2.14105
41700	50.7459	2.12406
41900	50.757	2.10707
42100	50.7678	2.09008
42300	50.7781	2.07309
42450	50.7857	2.06094
42600	50.7931	2.04879
42800	50.8026	2.0326
43000	50.8119	2.0164
43200	50.8209	2.0009
43400	50.8296	1.9854
43600	50.838	1.96989
43800	50.8461	1.95439
44100	50.8579	1.93219
44500	50.8728	1.90259
44900	50.8869	1.87413
45300	50.9004	1.84566
45600	50.9098	1.82504
46000	50.9216	1.79754
46300	50.93	1.77764
46500	50.9353	1.76438
47000	50.948	1.73217
47500	50.9597	1.70088
48000	50.9707	1.67048
48500	50.9809	1.64099
49000	50.9901	1.61149
49500	50.9985	1.58322
50000	51.0062	1.55572
50500	51.0132	1.5295
51000	51.0198	1.50329
51500	51.0259	1.47844
52000	51.0315	1.45359
52500	51.0367	1.43002
53000	51.0415	1.40644
53500	51.0459	1.38406
54000	51.05	1.36168
55000	51.0574	1.31913
56000	51.0636	1.2781
56800	51.0677	1.2467
57530	51.0709	1.2191
58000	51.0728	1.20182
58500	51.0747	1.18363
59540	51.0775	1.14712
59800	51.0781	1.13827
60000	51.0785	1.13154
60800	51.0799	1.10505
61500	51.0807	1.08265
62300	51.0812	1.05792
63000	51.0814	1.03699
64000	51.081	1.00821
65000	51.0807	0.980646
65900	51.0797	0.956799
66830	51.0787	0.933094
67400	51.0779	0.919014
68000	51.077	0.904548
69000	51.0752	0.881214
70000	51.0735	0.858805
71000	51.0713	0.837008
72000	51.0692	0.816057
72800	51.0671	0.799876
73500	51.0653	0.786123
74200	51.0635	0.772733
74960	51.0615	0.758593
75500	51.06	0.748716
76000	51.0585	0.739742
77110	51.0554	0.720405
78600	51.0508	0.695653
79300	51.0486	0.684476
80000	51.0465	0.673574
81500	51.0415	0.650995
83000	51.0366	0.629563
84000	51.0334	0.615875
85000	51.0301	0.602641
86500	51.0252	0.583497
88000	51.0203	0.565274
89000	51.017	0.553609
90000	51.0137	0.54231
91500	51.0088	0.525917
93000	51.0039	0.510273
94000	51.0006	0.500238
95000	50.9973	0.490504
96500	50.9925	0.476424
98000	50.9877	0.462956
99000	50.9846	0.454299
99500	50.983	0.450064
100000	50.9815	0.44589
-1	-1	-1