1015.86	10.4971	7.20783
1026.8	-21.7185	7.14352
1027	-21.7164	28.7355
1032.29	5.61243	28.7481
1048.99	15.3585	28.7874
1065.96	19.3789	28.8269
1083.2	22.0202	28.8662
1100.72	24.0292	28.9056
1118.52	25.6767	28.945
1136.61	27.0919	28.9844
1155	28.3467	29.0239
1173.68	29.4853	29.0635
1192.66	30.5373	29.1032
1211.95	31.5232	29.1429
1231.55	32.4583	29.1829
1251.47	33.3542	29.2227
1271.72	34.2203	29.2624
1292.29	35.0641	29.3022
1313.19	35.8931	29.3423
1334.43	36.7142	29.3824
1356.01	37.5335	29.4221
1377.94	38.3587	29.4624
1400.23	39.1997	29.5027
1422.88	40.0705	29.5429
1445.89	41	29.5832
1469.28	42.0467	29.5578
1493.04	43.2259	29.4322
1517.19	44.2904	28.8901
1541.73	45.141	28.3009
1566.67	45.8092	27.7236
1592.01	46.3196	27.1582
1617.76	46.5234	26.8739
1643.92	47.1862	27.1221
1670.51	48.1538	26.6954
1697.53	48.9244	26.1554
1724.99	49.5444	25.6264
1752.89	50.1026	25.0944
1781.24	50.6061	24.5687
1810.05	51.0648	24.0502
1839.32	51.4851	23.5429
1869.07	51.8739	23.0464
1899.3	52.2351	22.5603
1930.02	52.5718	22.0844
1961.24	52.8862	21.6187
1992.96	53.1777	21.1629
2025.2	53.4649	20.7267
2057.95	53.7374	20.2788
2091.24	53.9859	19.8383
2125.06	54.2171	19.4056
2159.43	54.4321	18.9804
2194.36	54.6325	18.5634
2229.85	54.819	18.1537
2265.92	54.9924	17.752
2302.57	55.1538	17.3576
2339.81	55.3033	16.9707
2377.66	55.4419	16.5915
2416.11	55.5701	16.2196
2455.19	55.6887	15.8552
2494.9	55.7976	15.4973
2535.26	55.8975	15.1473
2576.26	55.9892	14.8043
2617.93	56.073	14.468
2660.27	56.149	14.1383
2703.3	56.2172	13.8154
2747.03	56.2784	13.4997
2791.46	56.3333	13.1904
2836.61	56.3814	12.8873
2882.49	56.4238	12.5913
2929.11	56.4606	12.3008
2976.48	56.4911	12.0163
3024.63	56.5162	11.7387
3073.55	56.5365	11.4666
3123.26	56.5516	11.2001
3173.78	56.5617	10.9398
3225.11	56.5673	10.6851
3277.27	56.5684	10.4359
3330.28	56.565	10.1922
3384.15	56.5575	9.95373
3438.88	56.5457	9.72056
3494.5	56.5299	9.49256
3551.02	56.5101	9.26961
3608.46	56.4864	9.0516
3666.82	56.4589	8.83845
3726.13	56.4274	8.63
3786.4	56.3922	8.4263
3847.64	56.3532	8.22715
3909.87	56.3103	8.03236
3973.11	56.2635	7.84205
4037.38	56.2128	7.65602
4102.68	56.1582	7.4742
4169.03	56.0994	7.29641
4236.46	56.0364	7.12277
4304.98	55.969	6.95294
4374.62	55.8969	6.78696
4445.37	55.82	6.62483
4517.27	55.738	6.46631
4590.33	55.6505	6.31138
4664.58	55.5572	6.16008
4740.03	55.4575	6.01213
4816.69	55.3509	5.86756
4894.6	55.2367	5.72638
4973.77	55.1141	5.58828
5054.21	54.9821	5.45343
5135.96	54.8396	5.32159
5219.03	54.6851	5.19278
5303.44	54.5167	5.06681
5389.22	54.3322	4.94382
5476.39	54.1287	4.82361
5564.97	53.9024	4.70617
5654.98	53.6483	4.59137
5746.44	53.3593	4.47929
5839.39	53.0254	4.3697
5933.83	52.6315	4.26247
6029.81	52.1527	4.15778
6127.33	51.5453	4.05558
6226.44	50.7172	3.95562
6327.15	49.4124	3.85796
6429.48	46.0453	3.76244
6459.2	33.1901	3.73542
6459.4	33.1911	10.8415
6533.48	48.144	10.6158
6639.15	49.978	10.3062
6746.54	50.6958	10.0055
6855.65	50.7949	9.71357
6966.54	49.7355	9.43029
7012.7	41.076	9.31608
7012.9	41.0789	13.9235
7079.22	51.0072	13.5142
7193.72	52.7798	12.8441
7310.07	53.4313	12.207
7427.8	49.6437	11.6041
7428	49.6436	13.5704
7428.31	50.5195	13.5694
7548.45	54.5514	13.2272
7670.54	55.4394	12.8932
7794.61	56.0965	12.5669
7920.68	56.6337	12.2479
8048.79	57.0905	11.9359
8178.98	57.4874	11.6311
8311.26	57.8369	11.3333
8445.69	58.1473	11.0425
8582.29	58.4247	10.7585
8721.11	58.6738	10.4811
8862.16	58.898	10.2103
9005.5	59.1	9.94601
9151.16	59.2818	9.68785
9299.17	59.4449	9.43598
9449.58	59.5893	9.19003
9602.42	59.7129	8.95034
9757.73	59.7927	8.71623
9915.55	59.9187	8.59018
10075.9	60.118	8.36483
10238.9	60.2096	8.14506
10404.5	60.307	7.93073
10572.8	60.3951	7.72172
10743.8	60.4746	7.51793
10917.6	60.5461	7.31925
11094.2	60.6104	7.12556
11273.6	60.6682	6.93675
11455.9	60.7199	6.75273
11641.2	60.7661	6.57337
11829.5	60.8071	6.39857
12020.8	60.8434	6.22823
12215.3	60.8753	6.06225
12412.8	60.9031	5.90053
12613.6	60.9271	5.74296
12817.6	60.9476	5.58946
13025	60.9648	5.43992
13235.6	60.979	5.29425
13449.7	60.9903	5.15237
13667.2	60.9989	5.01416
13888.3	61.0051	4.87956
14112.9	61.009	4.74847
14341.2	61.0108	4.6208
14573.1	61.0105	4.49647
14808.9	61.0084	4.37541
15048.4	61.0046	4.25752
15291.8	60.9991	4.14273
15539.1	60.9921	4.03096
15790.4	60.9838	3.92214
16045.8	60.9741	3.81619
16305.4	60.9632	3.71304
16569.1	60.9512	3.61262
16837.1	60.9381	3.51486
17109.4	60.924	3.41969
17386.1	60.909	3.32705
17667.4	60.8932	3.23686
17953.1	60.8765	3.14907
18243.5	60.8592	3.06362
18538.6	60.8411	2.98044
18838.4	60.8224	2.89947
19143.1	60.8031	2.82066
19452.7	60.7832	2.74395
19767.4	60.7629	2.66929
20087.1	60.742	2.59662
20412	60.7206	2.52589
20742.1	60.6989	2.45704
21077.6	60.6767	2.39004
21418.5	60.6541	2.32482
21765	60.6312	2.26135
22117	60.6079	2.19957
22474.7	60.5842	2.13945
22838.2	60.5602	2.08093
23207.6	60.5359	2.02397
23583	60.5113	1.96854
23964.4	60.4863	1.91458
24352	60.4611	1.86207
24745.9	60.4355	1.81096
25146.2	60.4095	1.76122
25552.9	60.3832	1.71281
25966.2	60.3566	1.66568
26386.1	60.3296	1.61982
26812.9	60.3022	1.57518
27246.6	60.2743	1.53173
27687.3	60.246	1.48943
28135.1	60.2173	1.44827
28590.2	60.1879	1.4082
29052.6	60.158	1.36919
29522.5	60.1275	1.33123
30000	60.0962	1.29427
30400	60.0509	1.22972
30800	60.0243	1.20119
31200	59.9971	1.17368
31500	59.9768	1.15368
31900	59.949	1.12783
32300	59.9212	1.10287
32600	59.8998	1.08471
33000	59.8713	1.06122
33400	59.8422	1.03847
33800	59.8124	1.01647
34100	59.7897	1.00044
34500	59.7588	0.979674
34900	59.7271	0.959571
35300	59.6947	0.940028
35700	59.6612	0.921072
36030	59.6327	0.905876
36300	59.6088	0.893824
36500	59.5908	0.884897
37000	59.5441	0.863396
37300	59.5149	0.850975
37500	59.4949	0.842695
37800	59.4641	0.830731
38000	59.4429	0.822755
38300	59.4102	0.811225
38500	59.3876	0.803539
38800	59.3525	0.792422
39000	59.3283	0.78501
39300	59.2905	0.774286
39500	59.2642	0.767137
39800	59.2231	0.756788
40000	59.1945	0.749888
40200	59.1648	0.743262
40400	59.1338	0.736635
40600	59.1015	0.730009
40800	59.0677	0.723383
40950	59.0413	0.718665
41100	59.014	0.713946
41300	58.9759	0.707655
41500	58.9358	0.701364
41700	58.8933	0.695385
41900	58.8482	0.689406
42100	58.8002	0.683426
42300	58.7489	0.677447
42450	58.7079	0.673181
42600	58.6645	0.668916
42700	58.6341	0.666072
42800	58.6024	0.663228
42900	58.5692	0.660385
43000	58.5346	0.657541
43070	58.5093	0.655627
43150	58.4793	0.653439
43220	58.4521	0.651525
43300	58.4197	0.649337
43380	58.3858	0.647149
43450	58.3549	0.645235
43530	58.3179	0.643047
43600	58.284	0.641133
43680	58.2433	0.639022
43750	58.2058	0.637175
43830	58.1607	0.635064
43900	58.1188	0.633217
43950	58.0874	0.631897
44000	58.0547	0.630578
44050	58.0206	0.629258
44100	57.9849	0.627939
44180	57.9242	0.625901
44250	57.8669	0.624118
44290	57.8322	0.623098
44330	57.7959	0.622079
44360	57.7675	0.621315
44400	57.7281	0.620296
44440	57.6865	0.619277
44480	57.6427	0.618258
44510	57.6082	0.617494
44550	57.5598	0.616475
44590	57.5083	0.615455
44630	57.4533	0.614436
44660	57.4094	0.613672
44700	57.3471	0.612653
44740	57.2795	0.61167
44770	57.225	0.610932
44790	57.1865	0.61044
44810	57.1461	0.609949
44830	57.1037	0.609457
44850	57.059	0.608965
44865	57.0238	0.608596
44880	56.9871	0.608228
44900	56.9354	0.607736
44920	56.8804	0.607244
44940	56.8215	0.606753
44960	56.7582	0.606261
44980	56.6898	0.605769
45000	56.6153	0.605277
45015	56.5549	0.604909
45030	56.4898	0.60454
45045	56.4193	0.604171
45060	56.3426	0.603802
45070	56.2873	0.603556
45080	56.2283	0.603311
45087	56.1843	0.603139
45095	56.1313	0.602942
45103	56.0747	0.602745
45110	56.022	0.602573
45118	55.9575	0.602376
45125	55.8968	0.602204
45133	55.822	0.602008
45140	55.7507	0.601835
45148	55.6613	0.601639
45155	55.5748	0.601467
45159	55.5213	0.601368
45163	55.4642	0.60127
45167	55.4031	0.601172
45170	55.3545	0.601098
45174	55.2848	0.601
45177	55.2289	0.600926
45181	55.148	0.600827
45185	55.0591	0.600729
45189	54.9601	0.600631
45191	54.9061	0.600582
45193	54.8486	0.600532
45195	54.787	0.600483
45197	54.7208	0.600434
45200	54.611	0.60036
45201.5	54.5506	0.600323
45203	54.4855	0.600287
45204.5	54.4156	0.60025
45206	54.3393	0.600213
45207.5	54.2559	0.600176
45209	54.1636	0.600139
45210.5	54.0609	0.600102
45212	53.9443	0.600065
45213.5	53.8103	0.600028
45215	53.6515	0.599992
45215.8	53.5543	0.599972
45216.5	53.459	0.599955
45217.3	53.3361	0.599935
45218	53.2125	0.599918
45218.8	53.0477	0.599898
45219.5	52.874	0.599881
45220.2	52.6599	0.599864
45221	52.3369	0.599844
45221.5	52.0646	0.599832
45222.1	51.6054	0.599817
45222.6	51.0033	0.599805
45223.2	49.8576	0.59979
45223.2	49.8437	0.59979
45223.3	50.1313	1.61024
45223.4	50.4034	2.6207
45223.6	50.9511	4.6416
45224.1	52.277	9.69387
45225	53.9745	0.599746
45225	53.9426	0.599744
45225.1	53.4908	0.599742
45225.6	53.1969	0.599731
45226	53.2271	5.64944
45226.5	53.4271	0.788888
45226.9	53.5548	1.18156
45227.5	52.6814	1.98072
45228	52.5674	3.14955
45228.5	52.7411	3.44635
45229	53.241	3.44004
45229.8	53.4619	3.4301
45230.5	53.596	3.42134
45231.3	53.7162	3.41198
45232	53.8041	3.40379
45232.7	53.8804	3.39595
45233.5	53.9567	3.38699
45234.2	54.0166	3.38108
45235	54.0785	3.37432
45235.8	54.1353	3.3687
45236.5	54.1811	3.36379
45237.3	54.2288	3.36008
45238	54.2682	3.35683
45238.8	54.31	3.35485
45239.5	54.3446	3.35311
45241	54.4148	3.35222
45242.5	54.478	3.35259
45244	54.5375	3.35547
45245.5	54.5927	3.35964
45247	54.6459	3.36381
45248.5	54.6964	3.36905
45250	54.7454	3.37429
45253	54.8383	3.38435
45255	54.8973	3.39106
45258	54.9818	3.39825
45260	55.0355	3.40149
45263	55.1112	3.40407
45265	55.1592	3.40445
45268	55.2258	3.40288
45270	55.2675	3.40184
45273	55.3262	3.39858
45275	55.3625	3.3964
45278	55.4138	3.39315
45280	55.4459	3.39099
45285	55.52	3.38644
45290	55.5868	3.38381
45295	55.6486	3.38313
45300	55.7068	3.38381
45305	55.7622	3.38522
45310	55.8158	3.38663
45315	55.8668	3.38663
45320	55.9149	3.38662
45325	55.9607	3.38662
45330	56.0048	3.38662
45340	56.0867	3.38404
45350	56.1599	3.38147
45358	56.214	3.38127
45365	56.2594	3.3811
45372	56.3029	3.38093
45380	56.3502	3.38073
45390	56.4064	3.38049
45400	56.4599	3.38024
45415	56.5347	3.37873
45430	56.6037	3.37721
45440	56.647	3.3762
45450	56.6884	3.37519
45465	56.7472	3.37368
45480	56.8026	3.37217
45490	56.8379	3.37116
45500	56.872	3.37015
45520	56.9367	3.36744
45535	56.9822	3.3654
45550	57.0255	3.36337
45565	57.0668	3.36134
45580	57.1062	3.3593
45600	57.1559	3.35659
45630	57.2259	3.35379
45650	57.2701	3.35193
45670	57.3125	3.35006
45700	57.3729	3.34726
45730	57.4298	3.34447
45750	57.4661	3.3426
45770	57.5012	3.34074
45800	57.5515	3.33794
45820	57.5836	3.33561
45850	57.63	3.33212
45900	57.7033	3.32631
45950	57.7715	3.32049
45980	57.8098	3.317
46000	57.8345	3.31467
46030	57.8702	3.31156
46070	57.9156	3.30742
46110	57.9582	3.30328
46150	57.9993	3.29914
46220	58.0678	3.2919
46300	58.1406	3.28361
46350	58.1836	3.27844
46400	58.2251	3.27326
46450	58.265	3.26809
46500	58.3035	3.26291
46570	58.3555	3.2559
46650	58.4126	3.24789
46720	58.4597	3.24088
46800	58.5113	3.23287
46850	58.5423	3.22719
46900	58.5722	3.22152
46950	58.6013	3.21584
47000	58.6296	3.21016
47070	58.6678	3.2018
47150	58.7095	3.19224
47220	58.7444	3.18387
47300	58.7828	3.17431
47400	58.8285	3.16217
47500	58.8716	3.15003
47650	58.9315	3.13371
47800	58.9882	3.1174
47900	59.0243	3.10652
48000	59.0588	3.09564
48150	59.1084	3.081
48300	59.1555	3.06635
48400	59.1857	3.05659
48500	59.2149	3.04683
48650	59.2574	3.03328
48800	59.2984	3.01973
48900	59.325	3.0107
49000	59.3512	3.00167
49150	59.3891	2.98759
49300	59.4255	2.9735
49400	59.449	2.96411
49500	59.4722	2.95472
49650	59.5058	2.94064
49800	59.5379	2.92655
49900	59.5588	2.91716
50000	59.5792	2.90777
50150	59.609	2.8936
50300	59.6375	2.87943
50400	59.6559	2.86998
50500	59.6739	2.86054
50650	59.7001	2.84636
50800	59.7254	2.83219
50900	59.7419	2.82275
51000	59.7579	2.8133
51300	59.8043	2.7863
51500	59.8337	2.7683
51800	59.8757	2.7413
52000	59.9023	2.7233
52300	59.9403	2.69723
52500	59.9644	2.67985
52800	59.999	2.65443
53000	60.0209	2.63748
53300	60.0524	2.6132
53500	60.0726	2.59702
53800	60.1018	2.57333
54000	60.1204	2.55754
54300	60.1473	2.5349
54500	60.1647	2.5198
54800	60.19	2.4977
55000	60.2063	2.48296
55300	60.23	2.46152
55500	60.2452	2.44722
55800	60.2673	2.42578
56000	60.2816	2.41149
56200	60.2955	2.39779
56400	60.309	2.38408
56600	60.3222	2.37038
56800	60.3351	2.35668
57000	60.3477	2.34346
57200	60.3599	2.33023
57400	60.3719	2.31701
57530	60.3795	2.30841
57660	60.387	2.30004
57800	60.395	2.29103
58000	60.4062	2.27816
58300	60.4225	2.25915
58500	60.433	2.24648
58800	60.4483	2.22811
59000	60.4582	2.21586
59300	60.4727	2.1975
59540	60.484	2.1828
59670	60.49	2.17507
59800	60.4959	2.16734
59900	60.5004	2.16145
59950	60.5027	2.1585
60000	60.5049	2.15556
60200	60.5138	2.14382
60400	60.5223	2.13208
60600	60.5306	2.12034
60800	60.5387	2.1086
61100	60.5506	2.09156
61500	60.5657	2.06884
61900	60.5803	2.04674
62300	60.5943	2.02465
62600	60.6044	2.00848
63000	60.6172	1.98692
63500	60.6324	1.96093
64000	60.6468	1.93494
64500	60.6605	1.91002
65000	60.6735	1.88509
65500	60.6859	1.86086
65900	60.6953	1.84147
66400	60.7064	1.81813
66830	60.7155	1.79806
67100	60.721	1.78583
67400	60.727	1.77225
67700	60.7328	1.75898
68000	60.7385	1.74571
68500	60.7475	1.72398
69000	60.7559	1.70224
69500	60.7638	1.68135
70000	60.7712	1.66046
70500	60.7782	1.64045
71000	60.7849	1.62043
71500	60.7912	1.60116
72000	60.7972	1.5819
72800	60.8061	1.55249
73500	60.8132	1.52676
74200	60.8199	1.5024
74960	60.8264	1.47596
75500	60.8308	1.45793
76000	60.8346	1.44155
77110	60.8425	1.40622
78600	60.8517	1.3609
79300	60.8556	1.34041
79700	60.8577	1.32898
80000	60.8593	1.3204
80800	60.8632	1.29797
81500	60.8662	1.27835
82300	60.8693	1.25703
83000	60.8717	1.23838
84000	60.8747	1.21282
85000	60.8774	1.18807
86500	60.8806	1.15205
88000	60.8828	1.11771
89000	60.8839	1.09569
90000	60.8847	1.07436
91500	60.8855	1.04358
93000	60.8855	1.01417
94000	60.8853	0.995282
95000	60.8851	0.976936
96500	60.8842	0.950374
98000	60.8833	0.924928
99000	60.8825	0.908491
99500	60.8821	0.900444
100000	60.8817	0.892507
-1	-1	-1