1015.86	43.0169	15.0102
1032.29	43.0425	14.7673
1048.99	43.0423	14.5251
1065.96	43.0237	14.2837
1083.2	42.9855	14.0463
1100.72	42.9294	13.8125
1118.52	42.8552	13.5824
1136.61	42.7623	13.356
1155	42.6502	13.1332
1173.68	42.5177	12.914
1192.66	42.3636	12.6982
1211.95	42.1863	12.486
1231.55	41.9839	12.2773
1251.47	41.7541	12.0718
1271.72	41.4939	11.8698
1292.29	41.2003	11.6715
1313.19	40.8694	11.4765
1334.43	40.4959	11.2846
1356.01	40.0734	11.0956
1377.94	39.5939	10.9097
1400.23	39.0473	10.7269
1422.88	38.4203	10.5469
1445.89	37.6961	10.3695
1469.28	36.8494	10.1923
1493.04	35.8461	10.0139
1517.19	34.626	9.82077
1541.73	33.0844	9.62888
1566.67	31.0787	9.44066
1592.01	28.3031	9.25604
1617.76	23.9987	9.07494
1643.92	15.1224	8.89728
1661.6	-39.1499	8.78076
1661.8	-39.1317	42.1283
1670.51	8.82	41.8085
1697.53	24.4693	40.8422
1724.99	31.0186	39.8982
1752.89	35.266	38.976
1781.24	38.4069	38.0751
1810.05	40.8814	37.1949
1839.32	42.9009	36.3345
1869.07	44.5822	35.4936
1899.3	45.9949	34.6715
1930.02	47.1807	33.8685
1961.24	48.1606	33.0838
1992.96	48.9349	32.3171
2025.2	49.474	31.5755
2057.95	49.6651	30.8439
2091.24	48.8733	30.1281
2107.5	41.5636	29.7885
2107.7	41.5701	34.5581
2125.06	49.8487	34.1337
2159.43	52.2226	33.3186
2194.36	53.6142	32.5246
2229.85	54.643	31.7482
2265.92	55.4335	30.9911
2302.57	55.9999	30.2522
2339.81	56.1951	29.5308
2365.3	53.2227	29.0536
2365.5	53.2264	30.9997
2377.66	56.4192	30.767
2416.11	57.8893	30.05
2455.19	58.7481	29.35
2494.9	59.3913	28.6664
2535.26	59.8598	27.9999
2576.26	60.0311	27.3485
2600.8	57.9226	26.9707
2601	57.934	28.425
2617.93	60.4478	28.1514
2660.27	61.5416	27.4859
2703.3	62.2551	26.8371
2747.03	62.8372	26.2043
2791.46	63.3404	25.5865
2836.61	63.7856	24.985
2882.49	64.1862	24.3974
2929.11	64.5482	23.8242
2976.48	64.8781	23.2658
3024.63	65.1794	22.7206
3073.55	65.4555	22.1893
3123.26	65.709	21.6703
3173.78	65.9411	21.1647
3225.11	66.1556	20.6707
3277.27	66.3519	20.1898
3330.28	66.5326	19.7199
3384.15	66.6993	19.262
3438.88	66.8524	18.8142
3494.5	66.9924	18.3779
3551.02	67.121	17.9519
3608.46	67.2386	17.5362
3666.82	67.3461	17.131
3726.13	67.4445	16.7341
3786.4	67.5334	16.3479
3847.64	67.6144	15.9706
3909.87	67.6881	15.6017
3973.11	67.7536	15.2415
4037.38	67.8122	14.8898
4102.68	67.8643	14.5463
4169.03	67.9101	14.2107
4236.46	67.95	13.883
4304.98	67.9844	13.5626
4374.62	68.0133	13.2495
4445.37	68.0371	12.9435
4517.27	68.056	12.6445
4590.33	68.0703	12.3523
4664.58	68.08	12.0664
4740.03	68.0854	11.7871
4816.69	68.0867	11.5139
4894.6	68.0839	11.2468
4973.77	68.0771	10.9854
5054.21	68.0666	10.7299
5135.96	68.0523	10.48
5219.03	68.0343	10.2354
5303.44	68.0126	9.99621
5389.22	67.9874	9.76219
5476.39	67.9587	9.53315
5564.97	67.9264	9.30914
5654.98	67.8905	9.08989
5746.44	67.8513	8.87535
5839.39	67.8083	8.66531
5933.83	67.7618	8.45977
6029.81	67.7115	8.25876
6127.33	67.6574	8.06172
6226.44	67.5995	7.86908
6327.15	67.5374	7.68027
6429.48	67.4711	7.49571
6533.48	67.4004	7.31465
6639.15	67.3249	7.13757
6746.54	67.2444	6.9643
6855.65	67.1586	6.79446
6966.54	67.0669	6.6282
7079.22	66.9693	6.4655
7193.72	66.8647	6.30591
7310.07	66.7525	6.14973
7428.31	66.6319	5.99681
7548.45	66.5021	5.84708
7670.54	66.3618	5.70037
7794.61	66.2095	5.55671
7920.68	66.0433	5.41588
8048.79	65.8607	5.27766
8178.98	65.6587	5.14266
8311.26	65.4334	5.01013
8445.69	65.179	4.88046
8582.29	64.8879	4.75328
8721.11	64.5482	4.62863
8862.16	64.1419	4.50669
9005.5	63.6376	4.38709
9151.16	62.9744	4.26994
9299.17	62.0057	4.15494
9449.58	60.1331	4.0423
9560.6	45.0829	3.96223
9560.8	45.0842	10.8083
9602.42	58.1544	10.7228
9757.73	61.5285	10.4129
9915.55	62.7092	10.1118
10075.9	63.3372	9.81947
10238.9	63.6503	9.53559
10404.5	63.683	9.25992
10572.8	63.2845	8.9922
10739.3	55.378	8.73891
10739.5	55.3795	12.2261
10743.8	59.571	12.2172
10917.6	63.8637	11.864
11094.2	64.5662	11.521
11270.6	61.1117	11.1934
11270.8	61.1124	12.9423
11273.6	62.9999	12.9374
11455.9	65.8754	12.6256
11641.2	66.7244	12.3198
11829.5	67.3476	12.0198
12020.8	67.8535	11.7258
12215.3	68.2819	11.4377
12412.8	68.6534	11.1554
12613.6	68.9803	10.8789
12817.6	69.2708	10.6082
13025	69.5309	10.3432
13235.6	69.765	10.0838
13449.7	69.9765	9.83001
13667.2	70.1682	9.58173
13888.3	70.3423	9.3389
14112.9	70.5007	9.10144
14341.2	70.6448	8.8693
14573.1	70.7762	8.64238
14808.9	70.8959	8.42063
15048.4	71.005	8.20395
15291.8	71.1043	7.99227
15539.1	71.1947	7.78552
15790.4	71.2769	7.58359
16045.8	71.3514	7.38642
16305.4	71.4189	7.19392
16569.1	71.4799	7.00601
16837.1	71.5349	6.8226
17109.4	71.5842	6.64362
17386.1	71.6283	6.46897
17667.4	71.6676	6.29857
17953.1	71.7023	6.13235
18243.5	71.7328	5.97021
18538.6	71.7594	5.81208
18838.4	71.7824	5.65787
19143.1	71.8019	5.50751
19452.7	71.8182	5.36091
19767.4	71.8316	5.21799
20087.1	71.8421	5.07867
20412	71.8501	4.94287
20742.1	71.8556	4.81053
21077.6	71.8589	4.68155
21418.5	71.86	4.55587
21765	71.8592	4.43341
22117	71.8565	4.3141
22474.7	71.8521	4.19787
22838.2	71.8461	4.08464
23207.6	71.8386	3.97435
23583	71.8297	3.86692
23964.4	71.8195	3.76229
24352	71.8081	3.66039
24745.9	71.7955	3.56116
25146.2	71.7819	3.46453
25552.9	71.7673	3.37045
25966.2	71.7518	3.27884
26386.1	71.7354	3.18965
26812.9	71.7182	3.10281
27246.6	71.7003	3.01828
27687.3	71.6818	2.93599
28135.1	71.6626	2.85588
28590.2	71.6429	2.77791
29052.6	71.6231	2.70201
29522.5	71.6099	2.62814
30000	71.5581	2.55624
30400	71.4525	2.44856
30800	71.4357	2.39364
31200	71.4184	2.34065
31500	71.4055	2.3021
31900	71.3882	2.25225
32300	71.3709	2.20407
32600	71.3578	2.169
33000	71.3405	2.12359
33400	71.3232	2.07957
33800	71.3059	2.03698
34100	71.293	2.00593
34500	71.2757	1.96567
34900	71.2585	1.92667
35300	71.2412	1.88867
35700	71.2239	1.85176
36030	71.2097	1.82216
36300	71.1981	1.79849
36600	71.1851	1.77274
37200	71.1593	1.72297
37800	71.1335	1.67535
38375.2	71.1087	1.6315
38800	71.0904	1.6002
39200	71.0732	1.57158
39600	71.056	1.54376
40000	71.0388	1.51671
40800	71.0042	1.46454
41500	70.9739	1.42115
42300	70.9389	1.37399
43000	70.9083	1.3347
43800	70.8729	1.29191
44500	70.8418	1.25621
45300	70.8056	1.21719
46000	70.774	1.18449
46500	70.7507	1.16197
47000	70.7274	1.1401
47500	70.7036	1.11888
48000	70.6797	1.09826
48500	70.6552	1.07823
49000	70.6306	1.05877
49500	70.6054	1.03985
50000	70.5797	1.02146
50500	70.5535	1.00373
51000	70.5267	0.985997
51500	70.4992	0.969209
52000	70.471	0.952421
52500	70.4419	0.936508
53000	70.412	0.920594
53500	70.3812	0.905496
54000	70.3492	0.890397
54500	70.3161	0.876057
55000	70.2816	0.861718
55500	70.2457	0.848051
56000	70.208	0.834383
56400	70.1766	0.823929
56800	70.1438	0.813475
57200	70.1096	0.803407
57530	70.0801	0.795101
57800	70.0551	0.7885
58000	70.036	0.783611
58300	70.0065	0.776446
58500	69.986	0.771669
58800	69.9543	0.764761
59000	69.9323	0.760156
59300	69.8981	0.753247
59540	69.8695	0.747721
59670	69.8534	0.744818
59800	69.8371	0.741915
59900	69.8242	0.739706
59950	69.8177	0.738601
60000	69.8111	0.737496
60200	69.7842	0.733162
60400	69.7561	0.728829
60600	69.727	0.724495
60800	69.6965	0.720162
60950	69.6728	0.717022
61100	69.6482	0.713882
61300	69.614	0.709695
61500	69.5781	0.705508
61700	69.5402	0.701462
61900	69.5002	0.697415
62100	69.4578	0.693369
62300	69.4126	0.689323
62450	69.3768	0.686389
62600	69.339	0.683454
62800	69.2853	0.679542
62900	69.2569	0.677585
63000	69.2273	0.675629
63100	69.1964	0.673733
63200	69.1641	0.671836
63300	69.1303	0.66994
63400	69.0948	0.668044
63480	69.0652	0.666527
63550	69.0382	0.665199
63630	69.006	0.663682
63700	68.9767	0.662355
63770	68.9436	0.661065
63850	68.9096	0.65959
63920	68.8761	0.6583
64000	68.8358	0.656826
64080	68.7932	0.655352
64150	68.7538	0.654061
64230	68.7061	0.652587
64300	68.6617	0.651297
64380	68.6075	0.649879
64450	68.5567	0.648638
64520	68.5022	0.647397
64600	68.4348	0.645979
64630	68.4079	0.645447
64670	68.3705	0.644738
64710	68.3311	0.644029
64750	68.2897	0.64332
64790	68.2459	0.642611
64830	68.1995	0.641902
64870	68.1501	0.641193
64900	68.1108	0.640661
64940	68.0553	0.639952
64970	68.0109	0.639421
65010	67.9475	0.638712
65050	67.8786	0.638003
65070	67.8417	0.637648
65090	67.803	0.637294
65110	67.7624	0.636939
65130	67.7195	0.636585
65150	67.6742	0.63623
65170	67.6262	0.635875
65185	67.5882	0.63561
65200	67.5483	0.635344
65220	67.4919	0.634989
65240	67.4312	0.634635
65260	67.3655	0.63428
65280	67.294	0.633926
65295	67.2359	0.63366
65310	67.1733	0.633394
65320	67.1287	0.633217
65330	67.0816	0.633039
65340	67.0315	0.632862
65350	66.9782	0.632685
65360	66.9211	0.632508
65370	66.8598	0.63233
65380	66.7934	0.632153
65390	66.7213	0.631976
65400	66.6422	0.631799
65410	66.5546	0.631621
65415	66.507	0.631533
65420	66.4566	0.631444
65425	66.4028	0.631355
65430	66.3454	0.631267
65435	66.2835	0.631178
65440	66.2168	0.63109
65445	66.1441	0.631001
65450	66.0644	0.630912
65455	65.9762	0.630824
65460	65.8774	0.630735
65463	65.8121	0.630682
65465	65.7655	0.630646
65468	65.6902	0.630593
65470	65.636	0.630558
65472	65.578	0.630522
65474	65.5155	0.630487
65476	65.4481	0.630451
65478	65.3748	0.630416
65480	65.2943	0.63038
65482	65.2054	0.630345
65483.5	65.132	0.630318
65485	65.0513	0.630292
65487	64.9302	0.630256
65489	64.7885	0.630221
65490	64.7083	0.630203
65491	64.6187	0.630185
65492	64.5198	0.630168
65493	64.4069	0.63015
65494	64.2783	0.630132
65495	64.1265	0.630115
65496	63.9449	0.630097
65497	63.7166	0.630079
65498	63.4165	0.630061
65499	62.9864	0.630044
65500	62.2729	0.630026
65500.9	60.9069	0.63001
65501	61.0075	1.32854
65501	61.0013	1.32854
65501.1	61.194	2.02708
65501.3	61.5735	3.42414
65501.6	62.1332	5.51974
65502.2	63.1958	9.71094
65502.8	64.1678	5.17045
65503.4	65.0076	0.629968
65503.4	64.9698	0.629966
65503.5	65.2442	0.629965
65504.7	64.5809	4.65015
65506	64.4112	1.40531
65506.7	63.893	2.22071
65507.5	63.8486	3.45231
65508.3	64.1734	3.42624
65509	64.5698	3.40355
65509.8	64.7123	3.37805
65510.5	64.8094	3.35573
65511.2	64.8888	3.33351
65512	64.9624	3.30834
65512.7	65.0144	3.28668
65513.5	65.0668	3.26982
65514.2	65.1068	3.2594
65515	65.1501	3.24755
65515.7	65.1848	3.23719
65516.5	65.2208	3.22898
65517.3	65.2543	3.22281
65518	65.2832	3.21735
65518.8	65.3127	3.21252
65519.5	65.3377	3.20829
65521	65.3877	3.20401
65522.5	65.4336	3.20134
65524	65.4769	3.20185
65525.5	65.5179	3.20335
65527	65.5574	3.20686
65528.5	65.5954	3.21134
65530	65.6324	3.21582
65533	65.7045	3.22711
65535	65.7511	3.23464
65538	65.8186	3.24471
65540	65.8626	3.25143
65543	65.9264	3.25846
65545	65.9675	3.26314
65548	66.0266	3.26661
65550	66.0642	3.26893
65552	66.1009	3.26927
65555	66.1526	3.26978
65560	66.232	3.26732
65565	66.3028	3.2633
65570	66.3662	3.25911
65574	66.4128	3.25662
65578	66.456	3.25413
65582	66.4965	3.25328
65585	66.5257	3.25264
65593	66.5991	3.2531
65600	66.6593	3.25465
65608	66.7246	3.25621
65615	66.7791	3.25757
65623	66.8379	3.25705
65630	66.8861	3.25659
65635	66.9191	3.25537
65640	66.9503	3.25415
65650	67.0084	3.25158
65665	67.0883	3.25082
65680	67.1621	3.25006
65690	67.2082	3.24956
65700	67.2521	3.24905
65715	67.314	3.24787
65730	67.3717	3.24668
65740	67.4081	3.24589
65750	67.443	3.2451
65770	67.5088	3.24352
65800	67.5987	3.24115
65820	67.6538	3.24013
65850	67.7309	3.23859
65880	67.802	3.23705
65900	67.8469	3.23603
65920	67.8897	3.23428
65940	67.9302	3.23254
65970	67.9875	3.22992
66010	68.0584	3.22642
66050	68.1237	3.22293
66090	68.1843	3.21999
66130	68.2412	3.21705
66170	68.2946	3.21411
66200	68.3324	3.21191
66240	68.3805	3.2098
66280	68.4267	3.20768
66310	68.46	3.20609
66350	68.503	3.20398
66420	68.5738	3.19899
66460	68.6118	3.19613
66500	68.6484	3.19328
66550	68.6923	3.1891
66600	68.734	3.18493
66650	68.774	3.18075
66700	68.8123	3.17657
66740	68.8414	3.17303
66770	68.8624	3.17037
66830	68.9024	3.16506
66890	68.9411	3.16082
66960	68.9844	3.15586
67030	69.0258	3.15091
67100	69.0653	3.14596
67170	69.1032	3.14146
67250	69.145	3.13631
67330	69.185	3.13116
67400	69.2187	3.12666
67470	69.2513	3.12238
67550	69.2874	3.11749
67700	69.3523	3.10832
67850	69.4135	3.09801
67920	69.4407	3.0932
68000	69.4711	3.0877
68150	69.5254	3.0764
68300	69.5764	3.0651
68400	69.6089	3.05756
68500	69.6404	3.05003
68650	69.6854	3.03795
68800	69.7277	3.02586
68900	69.7544	3.01781
69000	69.78	3.00975
69150	69.8169	2.99917
69300	69.8526	2.98858
69400	69.8756	2.98153
69500	69.8978	2.97447
69800	69.9617	2.95485
70000	70.0019	2.94177
70300	70.0591	2.9231
70500	70.0955	2.91065
70800	70.1477	2.8923
71000	70.1809	2.88007
71300	70.2287	2.86179
71500	70.2594	2.84961
71800	70.3036	2.83133
72000	70.3316	2.81915
72200	70.3587	2.80704
72400	70.385	2.79494
72600	70.4105	2.78283
72800	70.4354	2.77072
73000	70.4597	2.75862
73200	70.4833	2.74651
73350	70.5004	2.73743
73500	70.5171	2.72835
73900	70.56	2.70414
74050	70.5756	2.69506
74200	70.5907	2.68598
74400	70.6103	2.67387
74600	70.6292	2.66176
74800	70.6476	2.64966
74960	70.6618	2.63997
75080	70.6722	2.63307
75200	70.6826	2.62617
75500	70.7077	2.60891
75800	70.7319	2.59166
76000	70.7475	2.58016
76300	70.7703	2.56356
76600	70.7922	2.54695
76900	70.8134	2.53035
77110	70.8277	2.51873
77500	70.8533	2.49833
77900	70.8783	2.4774
78300	70.902	2.45647
78600	70.9193	2.44078
79000	70.9417	2.42096
79300	70.9579	2.4061
79700	70.9788	2.38673
79850	70.9865	2.37947
80000	70.994	2.37221
80400	71.0135	2.35366
80800	71.0324	2.33512
81200	71.0506	2.31657
81500	71.0639	2.30266
81900	71.081	2.28498
82300	71.0976	2.26729
82700	71.1137	2.24961
83000	71.1255	2.23635
83300	71.137	2.22346
83500	71.1444	2.21486
83800	71.1554	2.20197
84000	71.1625	2.19338
84500	71.1798	2.17256
84800	71.1899	2.16007
85000	71.1965	2.15174
85400	71.2094	2.1356
85800	71.2218	2.11946
86200	71.2337	2.10332
86500	71.2425	2.09121
86900	71.2538	2.07579
87300	71.2648	2.06037
87700	71.2754	2.04495
88000	71.2832	2.03339
88300	71.2908	2.02225
88500	71.2957	2.01483
89000	71.3078	1.99626
89500	71.3195	1.97823
90000	71.3309	1.96021
90400	71.3399	1.94613
90800	71.3482	1.93205
91200	71.3564	1.91797
91500	71.3624	1.90741
91900	71.3702	1.89393
92300	71.3778	1.88045
93000	71.3906	1.85686
93500	71.3994	1.84044
94000	71.4078	1.82403
94500	71.4159	1.80808
95000	71.4238	1.79212
95800	71.4358	1.7671
96500	71.4456	1.7452
97300	71.4561	1.7212
98000	71.4648	1.7002
98500	71.4707	1.68562
99000	71.4764	1.67104
99500	71.4818	1.65676
100000	71.4869	1.64267
-1	-1	-1