1015.86	22.5278	11.714
1032.29	22.7773	11.4617
1048.99	23.0123	11.2106
1065.96	23.2295	10.9604
1083.2	23.4294	10.7157
1100.72	23.6157	10.4765
1118.52	23.7895	10.2426
1136.61	23.9522	10.0139
1155	24.1046	9.79036
1173.68	24.2478	9.57181
1192.66	24.3825	9.35813
1211.95	24.5096	9.14919
1231.55	24.6313	8.94492
1251.47	24.7468	8.7424
1271.72	24.8564	8.54142
1292.29	24.9571	8.34135
1313.19	25.0487	8.14613
1334.43	25.1338	7.95544
1356.01	25.2129	7.76913
1377.94	25.2865	7.58714
1400.23	25.3551	7.40943
1422.88	25.4192	7.23595
1445.89	25.4798	7.06656
1469.28	25.5369	6.90047
1493.04	25.592	6.73728
1517.19	25.6426	6.57391
1541.73	25.6872	6.41399
1566.67	25.7275	6.25803
1592.01	25.7642	6.10583
1617.76	25.7977	5.95731
1643.92	25.8282	5.81239
1670.51	25.8563	5.67104
1697.53	25.8823	5.53311
1724.99	25.9076	5.39847
1752.89	25.9308	5.26344
1781.24	25.9507	5.13051
1810.05	25.9667	4.9999
1839.32	25.9797	4.87266
1869.07	25.9902	4.74866
1899.3	25.9985	4.62785
1930.02	26.0049	4.51012
1961.24	26.0098	4.39537
1992.96	26.0124	4.2835
2025.2	26.0153	4.17638
2057.95	26.0175	4.06827
2091.24	26.0174	3.96272
2125.06	26.0155	3.85956
2159.43	26.0122	3.75885
2194.36	26.0074	3.66043
2229.85	26.0014	3.56442
2265.92	25.9942	3.47073
2302.57	25.986	3.37928
2339.81	25.9766	3.28988
2377.66	25.9662	3.20281
2416.11	25.9549	3.11785
2455.19	25.9428	3.03494
2494.9	25.9299	2.95409
2535.26	25.9162	2.87525
2576.26	25.9018	2.79837
2617.93	25.8866	2.7234
2660.27	25.8709	2.65034
2703.3	25.8546	2.57909
2747.03	25.8377	2.50966
2791.46	25.8202	2.44201
2836.61	25.8023	2.37611
2882.49	25.7839	2.31186
2929.11	25.765	2.24928
2976.48	25.7457	2.18831
3024.63	25.726	2.12895
3073.55	25.7059	2.0711
3123.26	25.6855	2.01476
3173.78	25.6647	1.9599
3225.11	25.6436	1.9065
3277.27	25.6221	1.85449
3330.28	25.6003	1.80385
3384.15	25.5782	1.75456
3438.88	25.5559	1.70657
3494.5	25.5332	1.65983
3551.02	25.5102	1.61438
3608.46	25.4869	1.57013
3666.82	25.4632	1.52704
3726.13	25.4393	1.48515
3786.4	25.4151	1.44434
3847.64	25.3905	1.40465
3909.87	25.3655	1.36603
3973.11	25.3402	1.32847
4037.38	25.3145	1.2919
4102.68	25.2884	1.25636
4169.03	25.2619	1.22173
4236.46	25.2348	1.18809
4304.98	25.2073	1.15533
4374.62	25.1792	1.12346
4445.37	25.1505	1.09249
4517.27	25.1211	1.06239
4590.33	25.091	1.03305
4664.58	25.0601	1.00457
4740.03	25.0283	0.976873
4816.69	24.9955	0.949891
4894.6	24.9617	0.923701
4973.77	24.9266	0.898161
5054.21	24.8902	0.873392
5135.96	24.8522	0.849294
5219.03	24.8126	0.825838
5303.44	24.771	0.803057
5389.22	24.7271	0.780872
5476.39	24.6808	0.759346
5564.97	24.6315	0.738385
5654.98	24.5789	0.718011
5746.44	24.5222	0.698203
5839.39	24.4609	0.678946
5933.83	24.394	0.660221
6029.81	24.3204	0.642017
6127.33	24.2384	0.624321
6226.44	24.146	0.607117
6327.15	24.0402	0.59039
6429.48	23.9168	0.574125
6533.48	23.7691	0.558319
6639.15	23.5861	0.542948
6746.54	23.3481	0.528004
6855.65	23.0124	0.513483
6966.54	22.4591	0.499359
7079.22	20.9344	0.485638
7111.9	14.7513	0.48177
7112.1	14.7518	3.85592
7193.72	22.0197	3.79269
7310.07	23.0311	3.70552
7428.31	23.5788	3.61951
7548.45	23.9595	3.53462
7670.54	24.2518	3.45114
7794.61	24.4888	3.36893
7920.68	24.6873	3.28802
8048.79	24.8575	3.20844
8178.98	25.0058	3.13021
8311.26	25.1364	3.05334
8445.69	25.2527	2.97792
8582.29	25.3569	2.90374
8721.11	25.4507	2.83104
8862.16	25.5355	2.75967
9005.5	25.6126	2.68982
9151.16	25.6829	2.62115
9299.17	25.7468	2.55398
9449.58	25.8054	2.48817
9602.42	25.859	2.42376
9757.73	25.9081	2.36063
9915.55	25.9532	2.29898
10075.9	25.9946	2.23854
10238.9	26.0325	2.17943
10404.5	26.0673	2.12163
10572.8	26.0992	2.06511
10743.8	26.1284	2.00987
10917.6	26.1552	1.95589
11094.2	26.1797	1.90315
11273.6	26.202	1.85164
11455.9	26.2224	1.80133
11641.2	26.241	1.75222
11829.5	26.2578	1.70428
12020.8	26.273	1.65749
12215.3	26.2868	1.61183
12412.8	26.2992	1.56728
12613.6	26.3103	1.52383
12817.6	26.3202	1.48146
13025	26.3289	1.44014
13235.6	26.3366	1.39985
13449.7	26.3433	1.36058
13667.2	26.3491	1.32231
13888.3	26.354	1.28501
14112.9	26.3582	1.24866
14341.2	26.3616	1.21326
14573.1	26.3642	1.17877
14808.9	26.3663	1.14518
15048.4	26.3677	1.11246
15291.8	26.3685	1.08061
15539.1	26.3689	1.0496
15790.4	26.3687	1.01941
16045.8	26.3681	0.990019
16305.4	26.367	0.961418
16569.1	26.3655	0.933585
16837.1	26.3637	0.906501
17109.4	26.3616	0.88015
17386.1	26.3591	0.854515
17667.4	26.3563	0.829578
17953.1	26.3533	0.805322
18243.5	26.35	0.781732
18538.6	26.3465	0.758791
18838.4	26.3428	0.736483
19143.1	26.3389	0.714793
19452.7	26.3348	0.693706
19767.4	26.3305	0.673206
20087.1	26.3261	0.653279
20412	26.3216	0.63391
20742.1	26.317	0.615086
21077.6	26.3123	0.596791
21418.5	26.3075	0.579014
21765	26.3026	0.561739
22117	26.2976	0.544955
22474.7	26.2926	0.528649
22838.2	26.2875	0.512808
23207.6	26.2824	0.49742
23583	26.2772	0.482472
23964.4	26.272	0.467954
24352	26.2668	0.453854
24745.9	26.2616	0.44016
25146.2	26.2564	0.426862
25552.9	26.2512	0.413949
25966.2	26.246	0.401411
26386.1	26.2408	0.389237
26812.9	26.2356	0.377418
27246.6	26.2304	0.365944
27687.3	26.2253	0.354805
28135.1	26.2202	0.343992
28590.2	26.2151	0.333497
29052.6	26.21	0.32331
29522.5	26.205	0.313422
30000	26.2	0.303827
30400	26.1944	0.300924
30800	26.1905	0.293383
31200	26.1866	0.286125
31500	26.1837	0.280858
31900	26.1801	0.274062
32300	26.1766	0.267511
32600	26.1739	0.262752
33000	26.1703	0.256605
33400	26.1669	0.250619
33800	26.1636	0.244842
34100	26.1611	0.24064
34500	26.1578	0.235205
34900	26.1547	0.229954
35300	26.1516	0.22486
35700	26.1485	0.219928
36030	26.146	0.215982
36500	26.1425	0.210543
37000	26.1389	0.20498
37500	26.1354	0.199636
38000	26.132	0.194499
38500	26.1287	0.189532
39000	26.1254	0.184753
39500	26.1223	0.180153
40000	26.1192	0.175724
40400	26.1168	0.172276
40800	26.1144	0.168928
41100	26.1127	0.166481
41500	26.1103	0.163301
42300	26.1059	0.157208
43000	26.102	0.152152
43800	26.0979	0.146648
44500	26.0944	0.142073
45300	26.0905	0.137095
46000	26.0872	0.13294
46500	26.0849	0.130086
47000	26.0827	0.127323
47500	26.0805	0.124648
48000	26.0783	0.122055
48500	26.0763	0.119536
49000	26.0742	0.117095
49500	26.0722	0.114727
50000	26.0703	0.11243
50500	26.0684	0.110165
51000	26.0666	0.107967
51500	26.0647	0.105835
52000	26.0629	0.103764
52500	26.0612	0.101753
53000	26.0594	0.0997993
53500	26.0577	0.0978988
54000	26.056	0.0960516
54500	26.0544	0.0942558
55000	26.0528	0.0925096
56000	26.0497	0.0891459
56800	26.0473	0.0865842
57530	26.0451	0.084341
58000	26.0438	0.0829421
58500	26.0424	0.0814915
59540	26.0396	0.0785926
59800	26.0389	0.0778918
60000	26.0383	0.077359
60800	26.0363	0.0752721
61500	26.0345	0.0735138
62300	26.0326	0.0715781
63000	26.0309	0.0699457
64000	26.0286	0.0677079
65000	26.0264	0.0655747
65900	26.0245	0.0637356
66830	26.0225	0.0619145
67400	26.0214	0.0608362
68000	26.0202	0.059731
69000	26.0182	0.057954
70000	26.0163	0.0562544
71000	26.0146	0.0546219
72000	26.0128	0.0530586
72800	26.0115	0.0518552
73500	26.0103	0.0508352
74200	26.0092	0.0498445
74960	26.0079	0.0488011
75500	26.0071	0.0480792
76000	26.0063	0.0474248
77110	26.0047	0.0460184
77900	26.0035	0.0450548
78600	26.0025	0.0442257
79300	26.0016	0.0434191
80000	26.0006	0.042634
80800	25.9996	0.0417598
81500	25.9987	0.0410165
82300	25.9977	0.0401907
83000	25.9968	0.0394881
84000	25.9956	0.0385156
85000	25.9944	0.0375782
86500	25.9927	0.0362341
88000	25.9911	0.0349599
89000	25.99	0.034147
90000	25.989	0.0333618
91500	25.9876	0.0322312
93000	25.9862	0.0311565
94000	25.9853	0.0304692
95000	25.9843	0.0298041
96500	25.983	0.028846
98000	25.9818	0.0279328
99000	25.981	0.0273476
99500	25.9806	0.0270617
100000	25.9802	0.0267803
-1	-1	-1