1015.86	50.7351	36.2959
1032.29	51.8667	35.8451
1048.99	52.7803	35.3878
1065.96	53.5486	34.9295
1083.2	54.2395	34.476
1100.72	54.8724	34.0283
1118.52	55.4595	33.5864
1136.61	56.0075	33.1489
1155	56.5212	32.7169
1173.68	57.0039	32.2902
1192.66	57.4571	31.8683
1211.95	57.8805	31.4516
1231.55	58.2666	31.0398
1251.47	58.6182	30.661
1271.72	58.9473	30.3175
1292.29	59.295	30.0155
1313.19	59.6552	29.715
1334.43	60.0185	29.4173
1356.01	60.3839	29.1225
1377.94	60.7509	28.8293
1400.23	61.1207	28.5386
1422.88	61.4969	28.2506
1445.89	61.8861	27.9642
1469.28	62.3036	27.6625
1493.04	62.7537	27.3367
1517.19	63.1705	26.902
1541.73	63.5296	26.4584
1566.67	63.8441	26.0215
1592.01	64.1313	25.5904
1617.76	64.3959	25.1661
1643.92	64.6415	24.7484
1670.51	64.8707	24.3369
1697.53	65.0852	23.9319
1724.99	65.2964	23.5333
1752.89	65.4935	23.122
1781.24	65.6688	22.7112
1810.05	65.8239	22.3023
1839.32	65.9593	21.9
1869.07	66.0785	21.5047
1899.3	66.1831	21.1163
1930.02	66.2735	20.734
1961.24	66.3501	20.3583
1992.96	66.4096	19.9889
2025.2	66.4718	19.6373
2057.95	66.5237	19.268
2091.24	66.5526	18.9019
2125.06	66.565	18.5402
2159.43	66.5601	18.1819
2194.36	66.5387	17.8286
2229.85	66.4997	17.4785
2265.92	66.442	17.1327
2302.57	66.3651	16.7915
2339.81	66.2685	16.4546
2377.66	66.1503	16.1213
2416.11	66.0088	15.7926
2455.19	65.8429	15.468
2494.9	65.6495	15.147
2535.26	65.4258	14.8306
2576.26	65.1689	14.5184
2617.93	64.8744	14.2107
2660.27	64.5379	13.9078
2703.3	64.1527	13.6082
2747.03	63.7099	13.313
2791.46	63.1989	13.0221
2836.61	62.6048	12.7354
2882.49	61.907	12.4527
2929.11	61.075	12.174
2976.48	60.0626	11.8996
3024.63	58.7929	11.6293
3073.55	57.1227	11.363
3123.26	54.73	11.1005
3173.78	50.5497	10.8419
3218.9	18.9273	10.6195
3219.1	18.9283	26.6901
3225.11	39.9248	26.6132
3277.27	50.4875	25.9599
3330.28	51.3354	25.326
3370.1	32.7822	24.8664
3370.3	32.7924	35.5979
3384.15	50.2369	35.3752
3438.88	57.4454	34.5167
3494.5	60.779	33.6814
3551.02	63.0653	32.8693
3608.46	64.7813	32.0769
3666.82	66.0985	31.3042
3726.13	67.083	30.552
3786.4	67.7152	29.8169
3847.64	67.7823	29.1024
3908.9	59.2419	28.4156
3909.1	59.2458	33.0886
3909.87	62.4831	33.0787
3973.11	69.7932	32.2807
4037.38	71.6019	31.503
4102.68	72.8901	30.7446
4169.03	73.9194	30.0047
4236.46	74.7774	29.2841
4304.98	75.5028	28.5799
4374.62	76.1136	27.8941
4445.37	76.6145	27.2255
4517.27	76.9886	26.5736
4590.33	77.1475	25.9364
4655.9	74.4943	25.3859
4656.1	74.4955	26.8664
4664.58	76.6445	26.796
4740.03	78.1197	26.1838
4816.69	78.758	25.5873
4894.6	79.1867	25.0064
4973.77	79.3039	24.438
5001.9	77.8048	24.2412
5002.1	77.806	25.1673
5054.21	79.9437	24.8079
5135.96	80.6378	24.2616
5219.03	81.1632	23.7233
5303.44	81.6124	23.1931
5389.22	82.0105	22.671
5476.39	82.3697	22.1577
5564.97	82.6965	21.6527
5654.98	82.9953	21.1564
5746.44	83.2692	20.6687
5839.39	83.5208	20.1898
5933.83	83.7519	19.7194
6029.81	83.9644	19.2577
6127.33	84.1593	18.8046
6226.44	84.338	18.3604
6327.15	84.5017	17.9248
6429.48	84.6514	17.4979
6533.48	84.788	17.0794
6639.15	84.9121	16.6693
6746.54	85.0244	16.2678
6855.65	85.1257	15.8747
6966.54	85.2168	15.4902
7079.22	85.2983	15.1135
7193.72	85.3703	14.745
7310.07	85.4335	14.3845
7428.31	85.4886	14.0323
7548.45	85.5359	13.6874
7670.54	85.5756	13.3507
7794.61	85.6086	13.0214
7920.68	85.6347	12.6994
8048.79	85.6545	12.3851
8178.98	85.6682	12.0778
8311.26	85.6762	11.7781
8445.69	85.6792	11.4854
8582.29	85.6771	11.1993
8721.11	85.67	10.9201
8862.16	85.6582	10.6474
9005.5	85.6422	10.3817
9151.16	85.6223	10.1218
9299.17	85.5985	9.86891
9449.58	85.5716	9.62176
9602.42	85.5419	9.38093
9757.73	85.5102	9.14603
9915.55	85.4854	8.91641
10075.9	85.4578	8.67087
10238.9	85.4081	8.43204
10404.5	85.352	8.19981
10572.8	85.2888	7.97408
10743.8	85.2192	7.75475
10917.6	85.1434	7.54171
11094.2	85.0617	7.33486
11273.6	84.9741	7.13407
11455.9	84.8806	6.93925
11641.2	84.7811	6.75028
11829.5	84.6754	6.56703
12020.8	84.5633	6.3894
12215.3	84.4442	6.21726
12412.8	84.3176	6.05052
12613.6	84.1829	5.88904
12817.6	84.0391	5.73273
13025	83.885	5.58145
13235.6	83.7191	5.43509
13449.7	83.5393	5.29356
13667.2	83.3431	5.15672
13888.3	83.1266	5.02447
14112.9	82.8848	4.8967
14341.2	82.6102	4.77329
14573.1	82.2913	4.65415
14808.9	81.9091	4.53916
15048.4	81.4294	4.42822
15291.8	80.7795	4.32122
15539.1	79.7564	4.21807
15790.4	77.1453	4.11865
15870.9	64.5247	4.08765
15871.1	64.5254	10.044
16045.8	78.7522	9.85468
16305.4	80.4992	9.58369
16569.1	81.3693	9.32016
16837.1	81.9175	9.06388
17109.4	82.2851	8.81466
17386.1	82.5272	8.57229
17667.4	82.6662	8.33659
17953.1	82.706	8.10738
18243.5	82.6304	7.88447
18538.6	82.3829	7.6677
18838.4	81.7432	7.45689
19083.1	74.3577	7.29152
19083.3	74.3578	10.2918
19143.1	80.4818	10.2449
19452.7	82.1804	10.0079
19767.4	82.2526	9.77636
19839.9	79.6212	9.72425
19840.1	79.6216	11.0444
20087.1	83.3101	10.852
20412	84.0784	10.6075
20742.1	84.6127	10.3664
21077.6	85.0374	10.1289
21418.5	85.3932	9.89502
21765	85.6998	9.66483
22117	85.9687	9.43841
22474.7	86.2074	9.21577
22838.2	86.4209	8.99695
23207.6	86.6132	8.78198
23583	86.7869	8.57088
23964.4	86.9446	8.36366
24352	87.0879	8.16031
24745.9	87.2185	7.96085
25146.2	87.3375	7.76526
25552.9	87.446	7.57354
25966.2	87.545	7.38566
26386.1	87.6353	7.2016
26812.9	87.7176	7.02134
27246.6	87.7925	6.84485
27687.3	87.8606	6.6721
28135.1	87.9224	6.50304
28590.2	87.9783	6.33766
29052.6	88.0288	6.17589
29522.5	88.0742	6.0177
30000	88.1149	5.86306
30100	87.8985	5.86731
30200	87.9063	5.83596
30300	87.9138	5.8046
30400	87.9211	5.77324
30500	87.9281	5.74295
30600	87.935	5.71265
30800	87.9481	5.65206
31000	87.9605	5.5935
31200	87.9722	5.53494
31350	87.9806	5.49229
31500	87.9888	5.44965
31700	87.9992	5.39392
31900	88.0086	5.3382
32100	88.0175	5.28429
32300	88.0257	5.23038
32450	88.0314	5.19108
32600	88.0369	5.15179
32800	88.0437	5.10086
33000	88.0499	5.04993
33200	88.0556	5.00088
33400	88.0611	4.95183
33600	88.0662	4.9043
33800	88.0709	4.85678
34100	88.0773	4.78741
34500	88.0848	4.69737
34900	88.0911	4.61126
35300	88.0963	4.52515
35700	88.1004	4.4437
36030	88.1031	4.37651
36300	88.1048	4.3239
36500	88.1058	4.28493
37000	88.1075	4.19085
37500	88.1081	4.10006
38000	88.1082	4.0124
38300	88.1078	3.96094
38500	88.1072	3.92663
38800	88.1059	3.87691
39000	88.1049	3.84377
39500	88.1015	3.76368
39800	88.0992	3.71721
40000	88.0976	3.68623
40400	88.0938	3.62655
40800	88.0895	3.56688
41100	88.086	3.52426
41500	88.0809	3.46744
41900	88.0754	3.41329
42300	88.0696	3.35913
43000	88.0589	3.26873
43800	88.0456	3.17002
44500	88.0333	3.0875
45300	88.0189	2.99713
46000	88.0054	2.92118
46500	87.9955	2.86879
47000	87.9854	2.81789
47500	87.9749	2.76842
48000	87.9645	2.72032
49000	87.9431	2.62803
49500	87.9323	2.58375
50000	87.9215	2.54065
51000	87.8995	2.4572
52000	87.8769	2.37803
53000	87.854	2.30285
54000	87.8308	2.23139
55000	87.8076	2.1634
56000	87.7844	2.09841
56800	87.7656	2.04863
57530	87.7485	2.00482
58000	87.7374	1.9774
58500	87.7256	1.94888
59540	87.7012	1.89161
60000	87.6904	1.86713
61000	87.6667	1.81535
62000	87.6431	1.76581
62800	87.6242	1.72771
63592.1	87.6054	1.69125
64300	87.5885	1.6597
65000	87.5719	1.6294
65900	87.5504	1.59164
66830	87.5282	1.55407
67400	87.5145	1.53173
68000	87.5001	1.50875
69000	87.476	1.47167
70000	87.4518	1.436
71000	87.4275	1.40155
72000	87.4029	1.36839
73500	87.3654	1.32093
74960	87.3288	1.2772
75500	87.3149	1.2616
76000	87.3021	1.24742
77110	87.2733	1.21684
78600	87.2337	1.17762
79300	87.2148	1.15988
80000	87.1957	1.14256
81500	87.1536	1.10664
83000	87.11	1.07248
84000	87.0799	1.05062
85000	87.0488	1.02946
85800	87.0233	1.01319
86500	87.0003	0.99896
87300	86.9733	0.983442
88000	86.949	0.969864
89000	86.9129	0.951203
89500	86.8943	0.942154
90000	86.8752	0.933105
90800	86.8437	0.919101
91500	86.8149	0.906847
92300	86.7806	0.893456
93000	86.7491	0.881738
93500	86.7257	0.873671
94000	86.7015	0.865603
94500	86.6765	0.857766
95000	86.6504	0.849929
95800	86.6066	0.83783
96200	86.5835	0.831781
96500	86.5656	0.827244
96900	86.541	0.821446
97300	86.5155	0.815648
97700	86.4889	0.80985
98000	86.4682	0.805501
98500	86.4321	0.798502
99000	86.3939	0.791503
99500	86.3532	0.784694
100000	86.3098	0.777885
-1	-1	-1
Last line must be -1 !!!!!!!!!!!!!!!!!