1015.86	52.3407	32.3962
1032.29	52.7738	31.9739
1048.99	53.1575	31.5981
1065.96	53.5512	31.2717
1083.2	53.9523	30.9483
1100.72	54.3515	30.6278
1118.52	54.7466	30.3103
1136.61	55.1373	29.9954
1155	55.5243	29.6835
1173.68	55.9087	29.3745
1192.66	56.2926	29.068
1211.95	56.6801	28.7642
1231.55	57.0837	28.463
1251.47	57.502	28.1279
1271.72	57.9221	27.7564
1292.29	58.2941	27.3406
1313.19	58.6273	26.9302
1334.43	58.9357	26.5257
1356.01	59.2247	26.1268
1377.94	59.4969	25.7329
1400.23	59.7546	25.3445
1422.88	60.0003	24.9618
1445.89	60.2364	24.5838
1469.28	60.4671	24.2071
1493.04	60.6945	23.8297
1517.19	60.9034	23.431
1541.73	61.0886	23.035
1566.67	61.2536	22.6453
1592.01	61.4029	22.2615
1617.76	61.5381	21.8836
1643.92	61.66	21.5114
1670.51	61.7696	21.1451
1697.53	61.8676	20.7848
1724.99	61.9624	20.43
1752.89	62.0446	20.0658
1781.24	62.1076	19.7028
1810.05	62.1524	19.3423
1839.32	62.1791	18.9878
1869.07	62.1901	18.6395
1899.3	62.1855	18.2971
1930.02	62.1655	17.9607
1961.24	62.1303	17.6301
1992.96	62.0763	17.3049
2025.2	62.018	16.9943
2057.95	61.9445	16.6704
2091.24	61.8454	16.3499
2125.06	61.7244	16.0332
2159.43	61.5794	15.7197
2194.36	61.4099	15.4108
2229.85	61.2125	15.1045
2265.92	60.985	14.8032
2302.57	60.7251	14.5052
2339.81	60.4274	14.2105
2377.66	60.0871	13.9203
2416.11	59.6984	13.634
2455.19	59.253	13.3511
2494.9	58.74	13.0721
2535.26	58.1454	12.7969
2576.26	57.4497	12.5256
2617.93	56.6247	12.2581
2660.27	55.6285	11.9946
2703.3	54.393	11.7345
2747.03	52.7969	11.4782
2791.46	50.5883	11.2258
2836.61	47.0662	10.9772
2882.49	37.3615	10.7322
2892.3	12.7018	10.6811
2892.5	12.7027	27.48
2929.11	43.5982	26.9458
2976.48	46.0494	26.2794
3021.4	26.8888	25.6723
3021.6	26.9105	37.203
3024.63	39.2073	37.1459
3073.55	51.4175	36.2406
3123.26	55.3706	35.3578
3173.78	57.9959	34.4985
3225.11	59.9471	33.6602
3277.27	61.4497	32.8441
3330.28	62.6008	32.0498
3384.15	63.4216	31.2751
3438.88	63.8418	30.52
3494.5	63.6808	29.7836
3537.9	53.5558	29.2294
3538.1	53.5701	35.108
3551.02	62.3809	34.8928
3608.46	66.4487	33.9612
3666.82	68.3655	33.0556
3726.13	69.7459	32.1739
3786.4	70.8369	31.3174
3847.64	71.7292	30.4854
3909.87	72.464	29.6768
3973.11	73.0557	28.8899
4037.38	73.4946	28.1241
4102.68	74.649	27.3793
4158.9	71.6893	26.7628
4159.1	71.6979	28.2788
4169.03	73.3843	28.1783
4236.46	74.6942	27.5123
4304.98	75.339	26.8609
4374.62	75.773	26.2245
4445.37	75.9174	25.6045
4481.9	74.0424	25.294
4482.1	74.0437	26.4222
4517.27	76.3774	26.1301
4590.33	77.2118	25.5406
4664.58	77.7952	24.9627
4740.03	78.2832	24.3951
4816.69	78.7108	23.8381
4894.6	79.094	23.2924
4973.77	79.4415	22.7568
5054.21	79.758	22.2317
5135.96	80.0475	21.717
5219.03	80.3132	21.2126
5303.44	80.5571	20.718
5389.22	80.781	20.2336
5476.39	80.9867	19.7593
5564.97	81.1757	19.2945
5654.98	81.3489	18.8395
5746.44	81.5076	18.3942
5839.39	81.6526	17.958
5933.83	81.7848	17.5313
6029.81	81.9052	17.1138
6127.33	82.0142	16.7052
6226.44	82.1126	16.3056
6327.15	82.2011	15.9147
6429.48	82.2802	15.5325
6533.48	82.3505	15.1588
6639.15	82.4123	14.7932
6746.54	82.4661	14.4361
6855.65	82.5125	14.0869
6966.54	82.5518	13.7457
7079.22	82.5843	13.4122
7193.72	82.6103	13.0862
7310.07	82.6301	12.7678
7428.31	82.6442	12.457
7548.45	82.6527	12.1531
7670.54	82.6559	11.8564
7794.61	82.654	11.5667
7920.68	82.6474	11.2836
8048.79	82.636	11.0073
8178.98	82.6202	10.7374
8311.26	82.6	10.4739
8445.69	82.5757	10.2168
8582.29	82.5474	9.96574
8721.11	82.5152	9.7206
8862.16	82.4793	9.48135
9005.5	82.4397	9.24773
9151.16	82.3964	9.01989
9299.17	82.3498	8.79744
9449.58	82.2998	8.58041
9602.42	82.247	8.36876
9757.73	82.1918	8.16199
9915.55	82.1369	7.96051
10075.9	82.0793	7.75074
10238.9	82.0088	7.54634
10404.5	81.9315	7.34721
10572.8	81.8475	7.15324
10743.8	81.7568	6.96434
10917.6	81.6595	6.7804
11094.2	81.5552	6.60133
11273.6	81.4435	6.42703
11455.9	81.3238	6.25739
11641.2	81.1953	6.09232
11829.5	81.057	5.93172
12020.8	80.9078	5.77549
12215.3	80.7458	5.62353
12412.8	80.569	5.47575
12613.6	80.3745	5.33206
12817.6	80.1583	5.19236
13025	79.915	5.05655
13235.6	79.6366	4.92456
13449.7	79.3107	4.79628
13667.2	78.9168	4.67163
13888.3	78.4174	4.55052
14112.9	77.7312	4.43287
14341.2	76.6198	4.31859
14573.1	73.2783	4.2076
14619.3	61.6456	4.18607
14619.5	61.6463	10.1584
14808.9	76.0695	9.93452
15048.4	77.6219	9.66231
15291.8	78.4254	9.39757
15539.1	78.9296	9.1401
15790.4	79.2576	8.88967
16045.8	79.4561	8.64612
16305.4	79.5396	8.40923
16569.1	79.4977	8.17885
16837.1	79.2783	7.95478
17109.4	78.6814	7.73686
17337	71.4663	7.56187
17337.2	71.467	10.6049
17386.1	77.3018	10.5605
17667.4	79.1262	10.3114
17953.1	79.3376	10.0681
18048.9	76.5977	9.98863
18049.1	76.5981	11.3352
18243.5	80.2027	11.1628
18538.6	81.0296	10.9095
18838.4	81.5899	10.66
19143.1	82.0324	10.4144
19452.7	82.402	10.1727
19767.4	82.72	9.935
20087.1	82.9984	9.70131
20412	83.2453	9.47165
20742.1	83.4661	9.24608
21077.6	83.6646	9.02457
21418.5	83.844	8.80717
21765	84.0067	8.59385
22117	84.1545	8.38462
22474.7	84.2891	8.17946
22838.2	84.4117	7.97836
23207.6	84.5235	7.7813
23583	84.6255	7.58825
23964.4	84.7185	7.39919
24352	84.8033	7.21407
24745.9	84.8804	7.03288
25146.2	84.9505	6.85556
25552.9	85.0142	6.68208
25966.2	85.0718	6.51239
26386.1	85.1239	6.34644
26812.9	85.1707	6.1842
27246.6	85.2127	6.0256
27687.3	85.2502	5.87061
28135.1	85.2836	5.71915
28590.2	85.3129	5.57119
29052.6	85.3387	5.42667
29522.5	85.3609	5.28553
30000	85.38	5.14772
30200	85.177	5.09089
30400	85.1833	5.03578
30600	85.1891	4.98255
30800	85.1944	4.92931
31000	85.1994	4.87786
31200	85.2039	4.82642
31500	85.21	4.7515
31700	85.2136	4.70299
31900	85.2169	4.65449
32100	85.2198	4.60756
32300	85.2225	4.56063
32600	85.2259	4.49222
33000	85.2298	4.40355
33200	85.2314	4.36021
33400	85.2326	4.31688
33600	85.2334	4.2749
33800	85.234	4.23292
34100	85.2344	4.17166
34500	85.2343	4.09216
34900	85.2334	4.01595
35300	85.2321	3.93973
35700	85.2295	3.86734
36030	85.2268	3.80761
36300	85.2243	3.76088
36500	85.2222	3.72626
37000	85.2164	3.64273
37500	85.2098	3.56216
38000	85.2025	3.4844
38500	85.1946	3.40926
39000	85.1861	3.33669
39500	85.1771	3.26656
40000	85.168	3.19875
40800	85.1523	3.0941
41500	85.1376	3.00693
42300	85.12	2.91202
43000	85.104	2.83283
43800	85.0853	2.74646
44500	85.0687	2.67427
45300	85.0496	2.5952
46000	85.0324	2.52873
46500	85.02	2.4829
47000	85.0074	2.43837
47500	84.9947	2.3951
48000	84.982	2.35303
49000	84.9564	2.27235
49500	84.9435	2.23365
50000	84.9307	2.19599
51000	84.9048	2.12318
52000	84.8789	2.05412
53000	84.8528	1.98857
54000	84.8266	1.92627
55000	84.8004	1.86702
56000	84.7742	1.81036
56800	84.7533	1.76697
57530	84.7342	1.72879
57800	84.7271	1.71501
58000	84.7218	1.7049
58456.7	84.7098	1.68218
59540	84.6813	1.63018
59800	84.6745	1.61807
60000	84.6692	1.60886
60800	84.6481	1.57266
61500	84.6297	1.54203
62300	84.6084	1.50817
63000	84.5898	1.47949
64000	84.563	1.44
65000	84.5362	1.40215
65900	84.5118	1.36923
66830	84.4866	1.33648
67400	84.4708	1.31701
68000	84.4543	1.297
69000	84.4263	1.2647
70000	84.398	1.23364
71000	84.3693	1.20369
72000	84.34	1.17487
73500	84.295	1.13363
74960	84.2498	1.09564
75500	84.2326	1.0821
76000	84.2165	1.06979
77110	84.1798	1.04325
77900	84.153	1.0252
78600	84.1286	1.00921
79300	84.1036	0.993827
79700	84.089	0.985244
80000	84.0779	0.978806
80800	84.0476	0.962176
81500	84.0201	0.947625
82300	83.9875	0.931814
83000	83.9579	0.91798
83500	83.9361	0.908499
84000	83.9136	0.899018
84500	83.8904	0.889842
85000	83.8664	0.880666
85800	83.8264	0.866563
86500	83.7894	0.854223
87300	83.7446	0.840775
88000	83.7029	0.829008
88500	83.6714	0.820925
89000	83.6384	0.812842
89500	83.6037	0.805004
90000	83.5671	0.797167
90500	83.5283	0.789559
91000	83.487	0.781952
91500	83.443	0.77457
91800	83.415	0.770141
92000	83.3957	0.767188
92300	83.3656	0.762889
92500	83.3448	0.760023
92800	83.3122	0.755724
93000	83.2895	0.752858
93300	83.2539	0.748684
93500	83.229	0.745901
93800	83.1898	0.741728
94000	83.1623	0.738945
94300	83.1188	0.734891
94500	83.088	0.732189
94800	83.039	0.728135
95000	83.0042	0.725433
95300	82.9482	0.721495
95500	82.908	0.718869
95800	82.8428	0.714931
95900	82.8196	0.713618
96000	82.7955	0.712305
96200	82.7446	0.709768
96400	82.6895	0.70723
96550	82.6451	0.705327
96700	82.5974	0.703425
96800	82.5637	0.702156
96900	82.5283	0.700887
97000	82.4909	0.699619
97100	82.4513	0.69835
97170	82.4222	0.697462
97250	82.3874	0.696447
97330	82.3507	0.695432
97400	82.3169	0.694544
97500	82.2656	0.693325
97600	82.2103	0.692107
97700	82.1501	0.690888
97800	82.0844	0.689669
97880	82.027	0.688695
97950	81.9727	0.687842
98020	81.9139	0.686989
98060	81.878	0.686501
98100	81.8402	0.686014
98150	81.7899	0.685404
98200	81.7359	0.684795
98250	81.6775	0.684186
98300	81.614	0.683576
98330	81.573	0.683211
98350	81.5444	0.682967
98380	81.4992	0.682601
98400	81.4674	0.682358
98420	81.4342	0.682114
98450	81.3813	0.681748
98470	81.3438	0.681505
98500	81.2838	0.681139
98520	81.2408	0.680895
98550	81.1713	0.68053
98570	81.121	0.680286
98585	81.0809	0.680103
98600	81.0386	0.67992
98615	80.9936	0.679738
98630	80.9458	0.679555
98640	80.9121	0.679433
98650	80.8768	0.679311
98665	80.8205	0.679128
98680	80.7596	0.678946
98690	80.7161	0.678824
98700	80.6698	0.678702
98710	80.6205	0.67858
98720	80.5678	0.678458
98730	80.511	0.678336
98740	80.4496	0.678214
98750	80.3827	0.678093
98760	80.3093	0.677971
98770	80.2278	0.677849
98775	80.1836	0.677788
98780	80.1365	0.677727
98785	80.0864	0.677666
98790	80.0326	0.677605
98795	79.9747	0.677544
98800	79.9121	0.677483
98805	79.8435	0.677422
98810	79.7683	0.677361
98815	79.6847	0.6773
98818	79.6295	0.677264
98820	79.5905	0.67724
98823	79.5277	0.677203
98825	79.4827	0.677179
98828	79.4098	0.677142
98830	79.357	0.677118
98833	79.2698	0.677081
98835	79.2055	0.677057
98838	79.0972	0.67702
98840	79.0152	0.676996
98842	78.9224	0.676971
98844	78.8164	0.676947
98845	78.7569	0.676935
98846	78.6916	0.676923
98847	78.6205	0.67691
98848	78.5407	0.676898
98849	78.4517	0.676886
98850	78.3482	0.676874
98851	78.2278	0.676862
98852	78.0796	0.67685
98852.8	77.9333	0.67684
98853.5	77.7711	0.676831
98855	77.1884	0.676813
98855	77.1841	0.676813
98855.1	77.2145	0.813553
98855.1	77.2011	0.813553
98855.3	77.2521	1.08703
98855.5	77.2908	1.36051
98856	77.3822	2.04421
98857	77.5421	3.41161
98859	77.76	1.26547
98860.5	77.4217	2.11767
98862	77.5967	2.79111
98863	77.895	2.81611
98864	78.1074	2.84112
98865	78.215	2.86656
98866	78.3073	2.89201
98867	78.3877	2.91761
98868	78.4668	2.94382
98869	78.5387	2.96987
98870	78.6075	2.98225
98871	78.6716	2.99443
98872	78.7286	3.00685
98873	78.7817	3.0193
98874	78.8328	3.03174
98875	78.8822	3.04412
98876	78.9322	3.05669
98877	78.9786	3.06212
98878	79.0242	3.06765
98879	79.0651	3.07315
98880	79.1049	3.07864
98882	79.1816	3.08967
98884	79.2547	3.09608
98886	79.3218	3.09787
98888	79.383	3.09968
98890	79.4412	3.10147
98892	79.4961	3.09846
98894	79.5455	3.09547
98896	79.5914	3.09248
98898	79.6348	3.08949
98900	79.6754	3.08548
98902	79.7133	3.08147
98905	79.7651	3.07546
98909	79.8276	3.06942
98913	79.8832	3.06339
98917	79.9338	3.06052
98920	79.9688	3.05836
98922	79.991	3.05835
98924	80.013	3.05834
98925	80.0237	3.05834
98926	80.0344	3.05833
98927	80.0447	3.05832
98928	80.0016	3.05832
98929	80.0649	3.05877
98930	80.0749	3.05922
98931	80.0848	3.05967
98932	80.0948	3.06013
98933.5	80.1093	3.0608
98935	80.1239	3.06148
98939	80.1614	3.0638
98943	80.198	3.06611
98950	80.2598	3.07017
98958	80.3264	3.07204
98965	80.3812	3.07367
98972	80.4328	3.07248
98980	80.4869	3.07112
98987	80.5311	3.069
98995	80.5774	3.06658
99002	80.6152	3.06525
99010	80.6557	3.06373
99025	80.7262	3.06347
99040	80.7921	3.06483
99055	80.8537	3.06455
99070	80.9106	3.06426
99085	80.9637	3.06398
99100	81.0136	3.06369
99115	81.0605	3.0631
99130	81.1047	3.06251
99150	81.16	3.06172
99170	81.2117	3.06093
99190	81.2602	3.06014
99210	81.306	3.05936
99230	81.3494	3.05857
99250	81.3906	3.05778
99270	81.4299	3.05662
99290	81.4671	3.05547
99330	81.5366	3.05315
99360	81.5848	3.05141
99400	81.6446	3.0491
99440	81.7001	3.04747
99470	81.7396	3.04626
99510	81.7893	3.04463
99550	81.8363	3.04301
99590	81.8808	3.04138
99630	81.9231	3.03975
99670	81.9634	3.03813
99700	81.9927	3.03691
99780	82.0656	3.03213
99850	82.1238	3.02795
99920	82.1778	3.02402
99960	82.2071	3.02178
99980	82.2213	3.02065
99990	82.2282	3.02009
100000	82.2351	3.01953
-1	-1	-1