1015.86	21.9508	7.55481
1032.29	22.0272	7.38414
1048.99	22.1004	7.2146
1065.96	22.1675	7.04604
1083.2	22.2279	6.88141
1100.72	22.2836	6.72063
1118.52	22.3351	6.56361
1136.61	22.3827	6.41028
1155	22.4268	6.26051
1173.68	22.4676	6.11422
1192.66	22.5054	5.9714
1211.95	22.5407	5.83188
1231.55	22.574	5.6956
1251.47	22.6055	5.56125
1271.72	22.6344	5.42881
1292.29	22.6602	5.29799
1313.19	22.6825	5.17025
1334.43	22.7024	5.04557
1356.01	22.7199	4.92388
1377.94	22.7355	4.80517
1400.23	22.7493	4.68929
1422.88	22.7615	4.57614
1445.89	22.7726	4.46588
1469.28	22.7829	4.35772
1493.04	22.7928	4.25132
1517.19	22.8013	4.14452
1541.73	22.8058	4.04004
1566.67	22.8084	3.93824
1592.01	22.8095	3.83887
1617.76	22.809	3.74202
1643.92	22.8072	3.64769
1670.51	22.8044	3.55565
1697.53	22.8006	3.46595
1724.99	22.7961	3.37856
1752.89	22.7912	3.29215
1781.24	22.7847	3.20755
1810.05	22.7769	3.12482
1839.32	22.768	3.0442
1869.07	22.7581	2.96563
1899.3	22.7474	2.88906
1930.02	22.7359	2.81448
1961.24	22.7237	2.74185
1992.96	22.7108	2.67118
2025.2	22.6976	2.60304
2057.95	22.6847	2.53546
2091.24	22.6708	2.46935
2125.06	22.6562	2.40491
2159.43	22.641	2.34206
2194.36	22.6253	2.28078
2229.85	22.6091	2.221
2265.92	22.5924	2.16273
2302.57	22.5754	2.10592
2339.81	22.5579	2.05053
2377.66	22.54	1.99651
2416.11	22.5217	1.94386
2455.19	22.5031	1.89256
2494.9	22.4841	1.84254
2535.26	22.4647	1.79378
2576.26	22.445	1.74627
2617.93	22.4249	1.69998
2660.27	22.4045	1.65485
2703.3	22.3838	1.61086
2747.03	22.3627	1.56802
2791.46	22.3413	1.52627
2836.61	22.3195	1.48559
2882.49	22.2974	1.44595
2929.11	22.2749	1.40731
2976.48	22.2519	1.36968
3024.63	22.2286	1.33303
3073.55	22.2048	1.2973
3123.26	22.1805	1.2625
3173.78	22.1558	1.22862
3225.11	22.1306	1.19561
3277.27	22.1048	1.16346
3330.28	22.0783	1.13209
3384.15	22.0512	1.10158
3438.88	22.0235	1.07186
3494.5	21.9949	1.04289
3551.02	21.9655	1.01467
3608.46	21.9352	0.987196
3666.82	21.9038	0.960439
3726.13	21.8714	0.934373
3786.4	21.8377	0.90898
3847.64	21.8026	0.884244
3909.87	21.7659	0.860151
3973.11	21.7275	0.836701
4037.38	21.6872	0.813824
4102.68	21.6447	0.791591
4169.03	21.5997	0.769884
4236.46	21.5517	0.748762
4304.98	21.5005	0.728215
4374.62	21.4455	0.708158
4445.37	21.3859	0.688645
4517.27	21.321	0.669615
4590.33	21.2497	0.65112
4664.58	21.1706	0.633056
4740.03	21.0819	0.615488
4816.69	20.9811	0.598402
4894.6	20.8645	0.581709
4973.77	20.7269	0.565464
5054.21	20.5597	0.549642
5135.96	20.3484	0.534231
5219.03	20.0652	0.51922
5303.44	19.6446	0.504591
5389.22	18.8588	0.490341
5465	11.4907	0.478268
5465.2	11.4913	4.00981
5476.39	16.8218	3.99813
5564.97	19.3555	3.90769
5654.98	20.1337	3.81866
5746.44	20.6185	3.73073
5839.39	20.9733	3.64405
5933.83	21.2532	3.55863
6029.81	21.4838	3.4745
6127.33	21.6793	3.39162
6226.44	21.8483	3.3101
6327.15	21.9965	3.22992
6429.48	22.1277	3.15113
6533.48	22.245	3.07367
6639.15	22.3504	2.99756
6746.54	22.4456	2.92291
6855.65	22.5321	2.84969
6966.54	22.6108	2.77778
7079.22	22.6825	2.70728
7193.72	22.7482	2.63821
7310.07	22.8083	2.57047
7428.31	22.8634	2.50417
7548.45	22.914	2.43925
7670.54	22.9604	2.37565
7794.61	23.0031	2.31346
7920.68	23.0424	2.25257
8048.79	23.0784	2.193
8178.98	23.1115	2.13478
8311.26	23.1418	2.07784
8445.69	23.1697	2.02216
8582.29	23.1951	1.96779
8721.11	23.2184	1.91465
8862.16	23.2397	1.86275
9005.5	23.2591	1.81215
9151.16	23.2767	1.76262
9299.17	23.2927	1.71434
9449.58	23.3072	1.66719
9602.42	23.3202	1.62121
9757.73	23.3319	1.57638
9915.55	23.3423	1.53265
10075.9	23.3517	1.48997
10238.9	23.3599	1.44835
10404.5	23.367	1.40777
10572.8	23.3733	1.36822
10743.8	23.3786	1.32967
10917.6	23.3831	1.2921
11094.2	23.3868	1.2555
11273.6	23.3898	1.21984
11455.9	23.3921	1.18511
11641.2	23.3938	1.15128
11829.5	23.3949	1.11834
12020.8	23.3954	1.08626
12215.3	23.3954	1.05503
12412.8	23.3949	1.02463
12613.6	23.394	0.995038
12817.6	23.3927	0.96624
13025	23.391	0.938214
13235.6	23.3889	0.910946
13449.7	23.3865	0.884416
13667.2	23.3838	0.858606
13888.3	23.3808	0.8335
14112.9	23.3775	0.809081
14341.2	23.374	0.785334
14573.1	23.3703	0.762239
14808.9	23.3664	0.739784
15048.4	23.3623	0.717951
15291.8	23.358	0.696726
15539.1	23.3536	0.676092
15790.4	23.349	0.656036
16045.8	23.3444	0.636542
16305.4	23.3396	0.617596
16569.1	23.3347	0.599186
16837.1	23.3297	0.581295
17109.4	23.3247	0.563912
17386.1	23.3195	0.547023
17667.4	23.3144	0.530616
17953.1	23.3091	0.514677
18243.5	23.3039	0.499194
18538.6	23.2986	0.484155
18838.4	23.2933	0.469549
19143.1	23.288	0.455364
19452.7	23.2826	0.441589
19767.4	23.2773	0.428212
20087.1	23.272	0.415224
20412	23.2666	0.402612
20742.1	23.2613	0.390369
21077.6	23.256	0.378481
21418.5	23.2508	0.366942
21765	23.2455	0.355741
22117	23.2403	0.344868
22474.7	23.2351	0.334315
22838.2	23.23	0.324072
23207.6	23.2249	0.314131
23583	23.2198	0.304484
23964.4	23.2148	0.295123
24352	23.2098	0.286038
24745.9	23.2049	0.277224
25146.2	23.2	0.268672
25552.9	23.1952	0.260374
25966.2	23.1904	0.252324
26386.1	23.1857	0.244513
26812.9	23.1811	0.236937
27246.6	23.1765	0.229588
27687.3	23.172	0.222459
28135.1	23.1675	0.215544
28590.2	23.1631	0.208837
29052.6	23.1588	0.202332
29522.5	23.1551	0.196023
30000	23.1485	0.189905
30400	23.1417	0.183925
30800	23.1384	0.179201
31200	23.1353	0.174656
31500	23.1329	0.171361
31900	23.1299	0.16711
32300	23.127	0.163016
32600	23.1248	0.160043
33000	23.122	0.156204
33400	23.1192	0.152488
33800	23.1165	0.148902
34100	23.1145	0.146295
34500	23.1119	0.142925
34900	23.1095	0.139669
35300	23.107	0.136509
35700	23.1046	0.133451
36030	23.1026	0.131004
36500	23.0999	0.127633
37000	23.0971	0.124188
37500	23.0944	0.12088
38000	23.0917	0.117702
38500	23.0892	0.114606
39000	23.0867	0.11163
39500	23.0843	0.108768
40000	23.0819	0.106013
40400	23.0801	0.10387
40800	23.0783	0.10179
41100	23.0769	0.100271
41500	23.0751	0.0982969
41900	23.0734	0.0963802
42300	23.0718	0.0945185
43000	23.0688	0.0913869
43800	23.0657	0.0879822
44500	23.063	0.0851554
45300	23.0601	0.0820839
46000	23.0576	0.0795253
46500	23.0559	0.0777695
47000	23.0542	0.0760706
47500	23.0526	0.0744263
48000	23.051	0.0728341
48500	23.0494	0.071292
49000	23.0479	0.0697979
49500	23.0464	0.0683497
50000	23.0449	0.0669458
50500	23.0435	0.065577
51000	23.0422	0.0642492
51500	23.0408	0.0629609
52000	23.0394	0.0617105
52500	23.0382	0.0604966
53000	23.0369	0.0593177
53500	23.0356	0.0581725
54000	23.0344	0.0570598
54500	23.0332	0.0559784
55000	23.0321	0.054927
56000	23.0298	0.0529022
56800	23.0281	0.0513609
57530	23.0265	0.0500118
58000	23.0255	0.0491707
58500	23.0245	0.0482987
59540	23.0225	0.0465568
59800	23.022	0.0461359
60000	23.0216	0.0458159
60800	23.0202	0.0445644
61500	23.019	0.0435103
62300	23.0175	0.0423502
63000	23.0163	0.0413722
64000	23.0147	0.040032
65000	23.0132	0.038755
65900	23.0118	0.0376541
66830	23.0103	0.0365643
67400	23.0095	0.0359193
68000	23.0087	0.0352583
69000	23.0073	0.0341958
70000	23.006	0.0331801
71000	23.0048	0.032205
72000	23.0036	0.0312716
72800	23.0027	0.0305533
73500	23.0019	0.0299446
74200	23.001	0.0293537
74960	23.0001	0.0287313
75500	22.9996	0.0283009
76000	22.999	0.0279108
77110	22.9979	0.0270726
77900	22.9971	0.0264985
78600	22.9964	0.0260047
79300	22.9957	0.0255243
80000	22.995	0.0250569
80800	22.9944	0.0245365
81500	22.9938	0.0240942
82300	22.9931	0.0236028
83000	22.9925	0.0231849
84000	22.9916	0.0226066
85000	22.9908	0.0220493
86500	22.9896	0.0212506
88000	22.9885	0.0204938
89000	22.9878	0.0200111
90000	22.987	0.0195451
91500	22.9861	0.0188742
93000	22.9851	0.0182368
94000	22.9845	0.0178293
95000	22.9838	0.0174351
96500	22.983	0.0168674
98000	22.9821	0.0163265
99000	22.9816	0.01598
99500	22.9813	0.0158108
100000	22.981	0.0156443
-1	-1	-1