1015.86	39.0343	19.5709
1032.29	39.3302	19.167
1048.99	39.5983	18.7666
1065.96	39.8394	18.3698
1083.2	40.0597	17.9813
1100.72	40.2627	17.6012
1118.52	40.4507	17.2292
1136.61	40.6249	16.8649
1155	40.7866	16.5083
1173.68	40.9366	16.1592
1192.66	41.0758	15.8176
1211.95	41.2048	15.4831
1231.55	41.3242	15.1557
1251.47	41.4343	14.8357
1271.72	41.536	14.5231
1292.29	41.6305	14.2179
1313.19	41.718	13.9188
1334.43	41.7984	13.626
1356.01	41.872	13.3394
1377.94	41.939	13.0589
1400.23	41.9995	12.7843
1422.88	42.0533	12.5155
1445.89	42.1	12.2524
1469.28	42.1378	11.9969
1493.04	42.1666	11.7499
1517.19	42.1947	11.5219
1541.73	42.2253	11.3002
1566.67	42.2571	11.0828
1592.01	42.2882	10.8697
1617.76	42.3185	10.6606
1643.92	42.3476	10.4554
1670.51	42.3759	10.2544
1697.53	42.4036	10.0571
1724.99	42.4379	9.86351
1752.89	42.4701	9.66015
1781.24	42.4943	9.4564
1810.05	42.5113	9.2535
1839.32	42.5211	9.05474
1869.07	42.5262	8.86031
1899.3	42.5272	8.67031
1930.02	42.5247	8.48435
1961.24	42.5191	8.30235
1992.96	42.5084	8.12413
2025.2	42.5055	7.95651
2057.95	42.501	7.77577
2091.24	42.4867	7.59693
2125.06	42.4672	7.42037
2159.43	42.4425	7.24551
2194.36	42.4127	7.07294
2229.85	42.3777	6.90212
2265.92	42.3374	6.73347
2302.57	42.2914	6.56637
2339.81	42.2393	6.40135
2377.66	42.1813	6.23853
2416.11	42.1168	6.07751
2455.19	42.0453	5.91851
2494.9	41.9667	5.76148
2535.26	41.8803	5.60617
2576.26	41.7852	5.45285
2617.93	41.6811	5.30151
2660.27	41.567	5.15212
2703.3	41.442	5.00438
2747.03	41.3048	4.85853
2791.46	41.154	4.71465
2836.61	40.988	4.57268
2882.49	40.8048	4.43238
2929.11	40.6017	4.29386
2976.48	40.3752	4.15725
3024.63	40.1214	4.02248
3073.55	39.8348	3.88941
3123.26	39.5076	3.75791
3173.78	39.1292	3.62831
3225.11	38.6842	3.50057
3277.27	38.1488	3.37448
3330.28	37.4821	3.24981
3384.15	36.6063	3.12696
3438.88	35.3409	3.00594
3494.5	33.0285	2.88655
3537.4	17.0228	2.79895
3537.6	17.0232	11.0389
3551.02	29.8592	10.9769
3608.46	33.8701	10.7176
3666.82	34.7193	10.4648
3726.13	30.673	10.218
3726.9	28.0714	10.2148
3727.1	28.0766	14.0187
3786.4	36.571	13.668
3847.64	37.941	13.3205
3909.87	38.7346	12.9812
3973.11	39.2115	12.6508
4017.9	35.8107	12.425
4018.1	35.8164	14.4626
4037.38	39.2057	14.3611
4102.68	40.7582	14.0258
4169.03	41.6577	13.6966
4236.46	42.3572	13.373
4304.98	42.9426	13.0563
4374.62	43.4487	12.7442
4445.37	43.8935	12.4379
4517.27	44.2898	12.1378
4590.33	44.6459	11.843
4664.58	44.9676	11.5539
4740.03	45.2595	11.2705
4816.69	45.5254	10.9927
4894.6	45.7682	10.7205
4973.77	45.9904	10.4537
5054.21	46.1939	10.1926
5135.96	46.3807	9.93705
5219.03	46.5522	9.68676
5303.44	46.7098	9.44205
5389.22	46.8545	9.20244
5476.39	46.9874	8.96818
5564.97	47.1097	8.73917
5654.98	47.2218	8.51506
5746.44	47.3246	8.29613
5839.39	47.4188	8.08211
5933.83	47.5049	7.87307
6029.81	47.5836	7.66898
6127.33	47.6555	7.46934
6226.44	47.7208	7.27449
6327.15	47.78	7.08413
6429.48	47.8335	6.89861
6533.48	47.8819	6.71713
6639.15	47.9252	6.54022
6746.54	47.964	6.36756
6855.65	47.9985	6.19912
6966.54	48.0288	6.03463
7079.22	48.0553	5.8743
7193.72	48.0783	5.71804
7310.07	48.0981	5.56564
7428.31	48.1148	5.41673
7548.45	48.1284	5.27177
7670.54	48.1392	5.13036
7794.61	48.1476	4.99278
7920.68	48.1536	4.85838
8048.79	48.1573	4.72739
8178.98	48.1589	4.59991
8311.26	48.1585	4.47548
8445.69	48.1561	4.35458
8582.29	48.1523	4.23661
8721.11	48.1468	4.12167
8862.16	48.1397	4.00959
9005.5	48.131	3.90067
9151.16	48.1213	3.79455
9299.17	48.1104	3.691
9449.58	48.098	3.59015
9602.42	48.0847	3.49233
9757.73	48.0707	3.39687
9915.55	48.0555	3.30356
10075.9	48.0392	3.21306
10238.9	48.0222	3.12496
10404.5	48.0045	3.03921
10572.8	47.9861	2.95573
10743.8	47.9671	2.87448
10917.6	47.9474	2.7954
11094.2	47.9271	2.71844
11273.6	47.9063	2.64354
11455.9	47.8851	2.57066
11641.2	47.8633	2.49973
11829.5	47.8411	2.43072
12020.8	47.8185	2.36357
12215.3	47.7955	2.29823
12412.8	47.7721	2.23466
12613.6	47.7483	2.17281
12817.6	47.7242	2.11264
13025	47.6998	2.0541
13235.6	47.6751	1.99716
13449.7	47.65	1.94176
13667.2	47.6247	1.88787
13888.3	47.599	1.83545
14112.9	47.5731	1.78447
14341.2	47.5468	1.73487
14573.1	47.5202	1.68663
14808.9	47.4933	1.63971
15048.4	47.4661	1.59407
15291.8	47.4384	1.54968
15539.1	47.4105	1.50651
15790.4	47.3821	1.46452
16045.8	47.3533	1.42369
16305.4	47.324	1.38397
16569.1	47.2942	1.34535
16837.1	47.2639	1.30778
17109.4	47.233	1.27125
17386.1	47.2014	1.23572
17667.4	47.1691	1.20117
17953.1	47.136	1.16757
18243.5	47.102	1.13489
18538.6	47.067	1.10311
18838.4	47.0308	1.07221
19143.1	46.9934	1.04216
19452.7	46.9546	1.01293
19767.4	46.9142	0.984506
20087.1	46.872	0.956865
20412	46.8276	0.929983
20742.1	46.7808	0.903842
21077.6	46.7313	0.878419
21418.5	46.6784	0.853696
21765	46.6217	0.829651
22117	46.5604	0.806268
22474.7	46.4936	0.783528
22838.2	46.42	0.761412
23207.6	46.338	0.739903
23583	46.2453	0.718984
23964.4	46.1387	0.69864
24352	46.0133	0.678853
24745.9	45.8615	0.65961
25146.2	45.6697	0.640893
25552.9	45.4117	0.622689
25966.2	45.024	0.604983
26386.1	44.2697	0.587761
26711.1	36.4239	0.574954
26711.3	36.424	3.65393
26812.9	43.2295	3.63215
27246.6	44.9251	3.54155
27687.3	45.5586	3.45277
28135.1	45.9614	3.36578
28590.2	46.2575	3.28058
29052.6	46.4909	3.19715
29522.5	46.6827	3.11548
30000	46.8446	3.03556
30100	46.8895	2.94802
30200	46.9175	2.93215
30300	46.9447	2.91627
30400	46.9711	2.9004
30500	46.9966	2.88507
30600	47.0214	2.86973
30700	47.0454	2.8544
30800	47.0687	2.83907
30900	47.0913	2.82425
31000	47.1133	2.80944
31100	47.1346	2.79462
31200	47.1553	2.77981
31270	47.1694	2.76974
31350	47.1852	2.75823
31500	47.2139	2.73666
31600	47.2323	2.72291
31700	47.2504	2.70915
31800	47.268	2.6954
31900	47.2852	2.68165
32000	47.302	2.66834
32100	47.3184	2.65503
32200	47.3344	2.64172
32300	47.3501	2.62841
32450	47.3729	2.609
32600	47.395	2.58959
32800	47.4233	2.56443
33000	47.4504	2.53927
33100	47.4635	2.52703
33200	47.4764	2.51479
33300	47.4889	2.50255
33400	47.5012	2.49031
33600	47.5251	2.46659
33800	47.5481	2.44287
33950	47.5649	2.42557
34030	47.5737	2.41634
34100	47.5813	2.40826
34200	47.5918	2.39673
34300	47.6021	2.38519
34400	47.6122	2.37366
34500	47.6221	2.36212
34700	47.6412	2.34008
34900	47.6597	2.31804
35000	47.6687	2.30702
35100	47.6776	2.296
35200	47.6862	2.28498
35300	47.6946	2.27396
35400	47.7029	2.26346
35500	47.711	2.25296
35600	47.7189	2.24246
35700	47.7267	2.23196
35800	47.7343	2.22146
35900	47.7417	2.21096
36030	47.7513	2.19731
36160	47.7605	2.18426
36300	47.7703	2.1702
36400	47.7771	2.16016
36500	47.7839	2.15012
36650	47.7938	2.13535
36800	47.8034	2.12058
36900	47.8096	2.11074
37000	47.8156	2.10089
37300	47.8331	2.07241
37500	47.8441	2.05343
37800	47.8599	2.02596
38000	47.8699	2.00764
38300	47.8842	1.98144
38500	47.8934	1.96397
38800	47.9067	1.93866
39000	47.9153	1.92178
39300	47.9277	1.89717
39500	47.9356	1.88077
39800	47.947	1.85699
40000	47.9545	1.84113
40200	47.9617	1.82562
40400	47.9685	1.81012
40600	47.975	1.79461
40800	47.9813	1.77911
41100	47.9903	1.757
41500	48.0017	1.72751
41900	48.0122	1.69917
42300	48.0219	1.67082
42600	48.0286	1.65057
43000	48.037	1.62358
43400	48.0448	1.59794
43800	48.052	1.57229
44100	48.0571	1.55394
44500	48.0634	1.52947
44900	48.0692	1.50617
45300	48.0746	1.48286
46000	48.0832	1.44404
46500	48.0888	1.41729
47000	48.0939	1.39131
47500	48.0986	1.36608
48000	48.103	1.34155
48500	48.107	1.31747
49000	48.1105	1.29406
49500	48.1137	1.2713
50000	48.1167	1.24915
50500	48.1194	1.22755
51000	48.1216	1.20596
51500	48.1235	1.18551
52000	48.1251	1.16505
53000	48.1276	1.12627
54000	48.1292	1.08922
55000	48.1299	1.05403
56000	48.13	1.02052
56800	48.1296	0.994889
57530	48.129	0.972365
58000	48.1285	0.958281
58500	48.1279	0.943643
59540	48.1263	0.914291
59800	48.1259	0.907175
60000	48.1255	0.90176
60800	48.1239	0.880336
61500	48.1225	0.862231
62300	48.1204	0.842237
63000	48.1187	0.825326
64000	48.1158	0.802066
65000	48.1129	0.779807
65900	48.1101	0.760382
66830	48.1071	0.741084
67400	48.1052	0.729627
68000	48.1031	0.717861
69000	48.0995	0.698891
70000	48.096	0.680685
71000	48.0922	0.663162
72000	48.0885	0.646325
72800	48.0855	0.633326
73500	48.0828	0.62228
74200	48.0802	0.611528
74960	48.0774	0.600177
75500	48.0753	0.592254
76000	48.0734	0.585058
77110	48.0692	0.569554
78600	48.0636	0.549718
79300	48.0609	0.540764
80000	48.0583	0.532032
81500	48.0527	0.51392
83000	48.0471	0.496738
84000	48.0433	0.485768
85000	48.0396	0.475167
86500	48.0342	0.459902
88000	48.0289	0.445378
89000	48.0253	0.436083
90000	48.0217	0.427082
91500	48.0166	0.414046
93000	48.0116	0.40161
94000	48.0082	0.393635
95000	48.0048	0.3859
96500	48	0.374681
98000	47.9951	0.363954
99000	47.992	0.357061
99500	47.9905	0.353689
100000	47.9889	0.350366
-1	-1	-1