1015.86	29.7133	27.5511
1032.29	30.3863	27.4265
1048.99	31.0171	27.3023
1065.96	31.5838	27.2233
1083.2	32.1645	27.2093
1100.72	32.7761	27.1952
1118.52	33.3916	27.1813
1136.61	34.0111	27.1673
1155	34.6359	27.1534
1173.68	35.2691	27.1396
1192.66	35.9153	27.1255
1211.95	36.5836	27.1115
1231.55	37.3029	27.0977
1251.47	38.0723	27.0038
1271.72	38.8633	26.8227
1292.29	39.5669	26.5356
1313.19	40.2028	26.2516
1334.43	40.8015	25.9705
1356.01	41.3743	25.6923
1377.94	41.9286	25.4173
1400.23	42.4707	25.1453
1422.88	43.0074	24.8761
1445.89	43.5492	24.6098
1469.28	44.1158	24.3257
1493.04	44.7133	24.0136
1517.19	45.2658	23.5751
1541.73	45.7461	23.1269
1566.67	46.1702	22.6876
1592.01	46.5601	22.2563
1617.76	46.9213	21.8331
1643.92	47.2583	21.418
1670.51	47.5746	21.0108
1697.53	47.8723	20.6115
1724.99	48.1588	20.22
1752.89	48.4295	19.8264
1781.24	48.6814	19.4374
1810.05	48.9163	19.0536
1839.32	49.1353	18.6777
1869.07	49.3413	18.3092
1899.3	49.5349	17.9478
1930.02	49.7174	17.5936
1961.24	49.8896	17.2464
1992.96	50.0497	16.9057
2025.2	50.2093	16.579
2057.95	50.3625	16.2462
2091.24	50.5028	15.9183
2125.06	50.6342	15.5962
2159.43	50.7573	15.2789
2194.36	50.8723	14.967
2229.85	50.9798	14.6605
2265.92	51.0802	14.3589
2302.57	51.1735	14.0622
2339.81	51.2601	13.7707
2377.66	51.3404	13.4841
2416.11	51.4146	13.2023
2455.19	51.4825	12.9252
2494.9	51.5451	12.6535
2535.26	51.6024	12.3855
2576.26	51.6542	12.1223
2617.93	51.7003	11.863
2660.27	51.7411	11.6086
2703.3	51.777	11.3585
2747.03	51.8078	11.1129
2791.46	51.8343	10.8718
2836.61	51.8564	10.6345
2882.49	51.8732	10.4004
2929.11	51.8851	10.1713
2976.48	51.8932	9.94604
3024.63	51.8966	9.72412
3073.55	51.8952	9.50635
3123.26	51.8895	9.29219
3173.78	51.8791	9.0818
3225.11	51.8643	8.87508
3277.27	51.845	8.6719
3330.28	51.821	8.47207
3384.15	51.7922	8.27576
3438.88	51.7587	8.08291
3494.5	51.7202	7.89329
3551.02	51.6766	7.70698
3608.46	51.6277	7.52382
3666.82	51.5733	7.34391
3726.13	51.5133	7.16708
3786.4	51.4471	6.99326
3847.64	51.3745	6.82239
3909.87	51.2951	6.65458
3973.11	51.2084	6.48964
4037.38	51.1139	6.32746
4102.68	51.0108	6.16808
4169.03	50.8982	6.01145
4236.46	50.7754	5.85768
4304.98	50.6411	5.70636
4374.62	50.4939	5.55774
4445.37	50.3321	5.41157
4517.27	50.1536	5.26805
4590.33	49.9557	5.12701
4664.58	49.7348	4.98827
4740.03	49.4866	4.85203
4816.69	49.2048	4.71808
4894.6	48.8812	4.58659
4973.77	48.5034	4.45712
5054.21	48.0527	4.32993
5135.96	47.4981	4.20491
5219.03	46.7832	4.08217
5303.44	45.7841	3.96142
5389.22	44.1227	3.84274
5476.39	37.4001	3.72662
5482.6	27.089	3.71856
5482.8	27.09	11.5444
5564.97	43.7526	11.237
5654.98	45.3258	10.9146
5746.44	45.8683	10.6014
5839.39	45.452	10.2972
5890.5	38.3752	10.1356
5890.7	38.3789	13.9401
5933.83	45.8379	13.7639
6029.81	47.6529	13.3842
6127.33	48.475	13.0149
6226.44	48.6009	12.6557
6266.2	45.4692	12.5159
6266.4	45.4727	14.3563
6327.15	49.4936	14.1531
6429.48	50.6357	13.8215
6533.48	51.4133	13.495
6639.15	52.0367	13.1744
6746.54	52.5639	12.8594
6855.65	53.0219	12.5501
6966.54	53.4262	12.2465
7079.22	53.7866	11.9484
7193.72	54.1105	11.6561
7310.07	54.4032	11.3693
7428.31	54.6686	11.0883
7548.45	54.9101	10.8129
7670.54	55.1304	10.5432
7794.61	55.3317	10.2789
7920.68	55.5159	10.0202
8048.79	55.6845	9.7669
8178.98	55.8389	9.51901
8311.26	55.9805	9.2766
8445.69	56.1102	9.0394
8582.29	56.229	8.80741
8721.11	56.3377	8.58056
8862.16	56.4371	8.35871
9005.5	56.5277	8.14201
9151.16	56.6103	7.93032
9299.17	56.6856	7.72354
9449.58	56.7539	7.52137
9602.42	56.8156	7.3241
9757.73	56.8714	7.13152
9915.55	56.9216	6.94348
10075.9	56.9666	6.75989
10238.9	57.0066	6.58072
10404.5	57.0421	6.40588
10572.8	57.0733	6.2353
10743.8	57.1004	6.0689
10917.6	57.1238	5.9066
11094.2	57.1437	5.74831
11273.6	57.1603	5.59395
11455.9	57.1738	5.44347
11641.2	57.1844	5.29675
11829.5	57.1923	5.15374
12020.8	57.1977	5.01435
12215.3	57.2008	4.87851
12412.8	57.2016	4.74614
12613.6	57.2004	4.61716
12817.6	57.1972	4.49151
13025	57.1922	4.3691
13235.6	57.1856	4.24986
13449.7	57.1774	4.13373
13667.2	57.1677	4.02063
13888.3	57.1566	3.91049
14112.9	57.1442	3.80324
14341.2	57.1307	3.69882
14573.1	57.116	3.59715
14808.9	57.1003	3.49818
15048.4	57.0837	3.40184
15291.8	57.0661	3.30806
15539.1	57.0477	3.21679
15790.4	57.0286	3.12796
16045.8	57.0087	3.04151
16305.4	56.9881	2.95739
16569.1	56.9669	2.87553
16837.1	56.9451	2.79588
17109.4	56.9227	2.71839
17386.1	56.8999	2.64299
17667.4	56.8765	2.56964
17953.1	56.8528	2.49829
18243.5	56.8286	2.42888
18538.6	56.804	2.36137
18838.4	56.779	2.2957
19143.1	56.7537	2.23183
19452.7	56.728	2.16971
19767.4	56.702	2.1093
20087.1	56.6756	2.05055
20412	56.649	1.99341
20742.1	56.622	1.93785
21077.6	56.5948	1.88382
21418.5	56.5672	1.83129
21765	56.5393	1.78021
22117	56.5111	1.73055
22474.7	56.4825	1.68226
22838.2	56.4536	1.63531
23207.6	56.4243	1.58966
23583	56.3946	1.54529
23964.4	56.3644	1.50215
24352	56.3338	1.4602
24745.9	56.3027	1.41943
25146.2	56.271	1.3798
25552.9	56.2387	1.34127
25966.2	56.2057	1.30382
26386.1	56.172	1.26741
26812.9	56.1374	1.23202
27246.6	56.1019	1.19762
27687.3	56.0653	1.16418
28135.1	56.0275	1.13168
28590.2	55.9883	1.10009
29052.6	55.9476	1.06938
29522.5	55.9052	1.03954
30000	55.8606	1.01053
30400	55.7387	0.924943
30800	55.6992	0.903243
31200	55.6582	0.882322
31500	55.6263	0.867121
31900	55.5821	0.847475
32300	55.5356	0.828504
32600	55.4991	0.814703
32800	55.474	0.805776
33000	55.448	0.796849
33200	55.4213	0.788221
33400	55.3936	0.779594
33600	55.365	0.771252
33800	55.3353	0.762911
33950	55.3124	0.756827
34100	55.2887	0.750743
34300	55.256	0.742841
34500	55.2218	0.734938
34700	55.1861	0.72729
34900	55.1487	0.719642
35100	55.1092	0.712237
35300	55.0677	0.704833
35500	55.0237	0.697662
35700	54.9769	0.690491
35900	54.9271	0.683524
36030	54.8929	0.678996
36120	54.8682	0.675946
36200	54.8455	0.673234
36300	54.8163	0.669845
36400	54.7858	0.666456
36500	54.754	0.663166
36600	54.7208	0.659877
36700	54.6861	0.656587
36800	54.6497	0.653298
36880	54.6193	0.650736
36950	54.5916	0.648495
37030	54.5587	0.645933
37100	54.5287	0.643692
37200	54.4837	0.640574
37300	54.4358	0.637456
37400	54.3848	0.634337
37500	54.3301	0.631219
37600	54.2712	0.628227
37650	54.24	0.626731
37700	54.2075	0.625235
37750	54.1736	0.623739
37800	54.1382	0.622243
37850	54.1011	0.620747
37900	54.0621	0.619251
37940	54.0295	0.618054
37980	53.9955	0.616857
38010	53.969	0.61596
38050	53.9323	0.614763
38090	53.8938	0.613566
38130	53.8534	0.612369
38160	53.8216	0.611472
38200	53.7773	0.610275
38250	53.7182	0.608857
38300	53.6545	0.607438
38350	53.5854	0.60602
38380	53.541	0.605169
38400	53.51	0.604601
38430	53.4612	0.60375
38450	53.427	0.603183
38480	53.3729	0.602332
38500	53.3348	0.601765
38520	53.2948	0.601197
38550	53.2311	0.600346
38580	53.1622	0.599495
38600	53.1128	0.598928
38630	53.0331	0.598077
38650	52.9754	0.597509
38670	52.9135	0.596942
38685	52.864	0.596516
38700	52.8114	0.596091
38715	52.7555	0.595665
38730	52.6956	0.59524
38740	52.6532	0.594956
38750	52.6087	0.594673
38760	52.5618	0.594389
38770	52.5122	0.594105
38785	52.432	0.59368
38800	52.3437	0.593254
38808	52.2927	0.593027
38815	52.2455	0.592829
38823	52.1883	0.592602
38830	52.135	0.592403
38840	52.0527	0.592119
38850	51.962	0.591836
38855	51.9128	0.591694
38860	51.8608	0.591552
38865	51.8056	0.59141
38870	51.7467	0.591268
38875	51.6836	0.591127
38880	51.6156	0.590985
38885	51.5421	0.590843
38890	51.4619	0.590701
38895	51.3738	0.590559
38900	51.2761	0.590417
38903	51.2118	0.590332
38905	51.1662	0.590275
38908	51.0933	0.59019
38910	51.0412	0.590134
38913	50.9566	0.590049
38915	50.8956	0.589992
38918	50.7954	0.589907
38920	50.7218	0.58985
38923	50.5987	0.589765
38925	50.506	0.589708
38928	50.3464	0.589623
38930	50.2218	0.589566
38931.5	50.1156	0.589524
38933	49.9949	0.589481
38934.5	49.856	0.589439
38936	49.6913	0.589396
38936.8	49.5898	0.589373
38937.5	49.4902	0.589353
38938.3	49.3616	0.589331
38939	49.2312	0.589311
38939.8	49.0555	0.589288
38940.5	48.8669	0.589268
38941.3	48.5834	0.589246
38942.1	48.1322	0.589223
38942.2	48.1301	0.704866
38942.2	48.1232	0.704866
38942.3	48.1133	0.82051
38942.5	48.0865	1.0518
38942.9	48.0015	1.51437
38943.7	47.5557	0.58918
38944.2	46.6458	0.589166
38944.7	45.0371	0.589152
38945.1	46.6936	6.35473
38945.5	48.3118	12.1203
38945.9	49.8212	5.53105
38946.2	50.8296	0.589109
38946.4	50.1054	0.589104
38946.6	49.0659	0.589099
38947.4	49.593	7.15212
38948.2	50.3054	0.893867
38948.9	48.6934	2.03906
38949.6	48.7056	3.58651
38950.3	49.4019	3.55562
38951	49.615	3.52483
38951.7	49.7543	3.50228
38952.1	49.819	3.48942
38952.5	49.8757	3.47657
38952.9	49.925	3.46536
38953.3	49.9701	3.45414
38953.7	50.0103	3.44555
38954	50.0403	3.43911
38954.4	50.0758	3.43061
38954.8	50.1092	3.42211
38955.1	50.1324	3.41752
38955.5	50.1621	3.41139
38956.2	50.211	3.4023
38957	50.261	3.39195
38957.8	50.3062	3.38682
38958.5	50.344	3.38231
38959.2	50.3788	3.38002
38960	50.4166	3.3774
38961	50.4612	3.37569
38962	50.5033	3.37741
38963.5	50.5628	3.38103
38965	50.6198	3.38684
38966.5	50.6744	3.3946
38968	50.7274	3.40237
38970	50.7959	3.41297
38973	50.8948	3.42763
38975	50.9581	3.43533
38978	51.0486	3.44351
38980	51.1058	3.44642
38982	51.1597	3.44693
38984	51.2106	3.44743
38986	51.2588	3.44573
38988	51.304	3.44403
38990	51.3465	3.44157
38992	51.3865	3.43912
38995	51.4421	3.43518
38999	51.5099	3.43178
39003	51.5714	3.42839
39007	51.6281	3.42835
39010	51.6686	3.42832
39017	51.7582	3.43159
39025	51.8543	3.43542
39033	51.9437	3.43662
39040	52.0158	3.43536
39048	52.0908	3.43258
39055	52.1506	3.43015
39063	52.2135	3.4292
39070	52.2653	3.42837
39078	52.3214	3.42869
39085	52.3685	3.42898
39093	52.4199	3.4293
39100	52.4635	3.42958
39110	52.5226	3.4282
39120	52.5776	3.42682
39130	52.6295	3.42543
39140	52.6786	3.42405
39155	52.7478	3.42224
39170	52.8124	3.42042
39185	52.8731	3.4186
39200	52.9305	3.41679
39220	53.0021	3.41327
39240	53.068	3.40976
39255	53.1144	3.40712
39270	53.1582	3.40448
39290	53.2136	3.40213
39310	53.2663	3.39978
39330	53.3163	3.39743
39350	53.3636	3.39508
39380	53.4309	3.39272
39420	53.5155	3.38958
39460	53.5941	3.38468
39500	53.6671	3.37977
39530	53.7185	3.37524
39570	53.7828	3.3692
39610	53.8428	3.36293
39650	53.8988	3.35665
39680	53.9386	3.35257
39720	53.9894	3.34713
39760	54.0377	3.34169
39800	54.0832	3.33625
39850	54.1375	3.3312
39900	54.1901	3.32616
39950	54.2405	3.32071
39980	54.2699	3.31744
40000	54.2893	3.31526
40050	54.3359	3.30842
40100	54.38	3.30158
40150	54.4222	3.29475
40200	54.4625	3.28791
40250	54.5012	3.28107
40300	54.5384	3.27424
40350	54.5743	3.2674
40400	54.6089	3.26056
40450	54.6423	3.2539
40500	54.6746	3.24724
40600	54.7361	3.23392
40700	54.794	3.22061
40800	54.8485	3.20729
40880	54.89	3.1969
40950	54.9248	3.1878
41030	54.963	3.17741
41100	54.9949	3.16831
41200	55.0388	3.15631
41300	55.081	3.14432
41400	55.1214	3.13232
41500	55.1598	3.12032
41600	55.1968	3.10945
41700	55.2329	3.09858
41800	55.2679	3.08771
41900	55.302	3.07684
42000	55.335	3.06583
42100	55.3669	3.05481
42200	55.3979	3.0438
42300	55.4281	3.03279
42450	55.4717	3.01601
42600	55.5131	2.99923
42800	55.5656	2.97686
42900	55.5908	2.96568
43000	55.6156	2.95449
43100	55.6397	2.94326
43200	55.663	2.93203
43300	55.6855	2.9208
43400	55.7074	2.90956
43500	55.7287	2.89833
43600	55.7494	2.8871
43800	55.7893	2.86464
43950	55.818	2.84846
44100	55.8457	2.83228
44300	55.881	2.8107
44500	55.9146	2.78913
44700	55.9467	2.76865
44900	55.9772	2.74817
45100	56.0062	2.72769
45300	56.0342	2.70721
45450	56.0545	2.69276
45600	56.0743	2.67831
45800	56.0999	2.65905
46000	56.1244	2.63978
46150	56.1422	2.62582
46300	56.1596	2.61186
46500	56.1818	2.59325
46800	56.2138	2.56664
47000	56.2344	2.5489
47300	56.2642	2.52302
47500	56.2832	2.50576
47800	56.3108	2.48058
48000	56.3285	2.46379
48300	56.3541	2.43943
48500	56.3705	2.42319
48800	56.3942	2.39883
49000	56.4094	2.38259
49300	56.4314	2.35919
49500	56.4456	2.34359
49800	56.4663	2.32081
49900	56.473	2.31321
50000	56.4796	2.30562
50300	56.499	2.28337
50500	56.5114	2.26853
50800	56.5293	2.24628
51000	56.5408	2.23145
51300	56.5575	2.21033
51500	56.5682	2.19625
51800	56.5838	2.17512
52000	56.5939	2.16104
52300	56.6086	2.14097
52500	56.6181	2.12758
52800	56.6319	2.10751
53000	56.641	2.09413
53300	56.6541	2.07467
53500	56.6625	2.06169
53800	56.6746	2.04223
54000	56.6825	2.02926
54300	56.6938	2.01074
54500	56.7011	1.99839
54800	56.7118	1.97988
55000	56.7187	1.96753
55300	56.7288	1.94976
55500	56.7353	1.93792
55800	56.7447	1.92015
56000	56.7507	1.90831
56400	56.7624	1.88563
56800	56.7735	1.86295
57200	56.7841	1.84108
57530	56.7925	1.82304
57800	56.7992	1.80868
58000	56.8041	1.79805
58500	56.8157	1.77159
59000	56.8264	1.74606
59540	56.8372	1.71848
59800	56.8421	1.7056
59900	56.844	1.7007
60000	56.8458	1.69579
60400	56.8529	1.67659
60800	56.8596	1.65739
61100	56.8644	1.64347
61500	56.8705	1.62491
62300	56.8818	1.589
63000	56.8908	1.55859
63500	56.8968	1.53765
64000	56.9023	1.51672
64500	56.9075	1.49666
65000	56.9124	1.4766
65900	56.9204	1.44215
66830	56.9278	1.40787
67400	56.932	1.38749
68000	56.9362	1.36654
69000	56.9425	1.3325
70000	56.9481	1.29977
71000	56.9529	1.2679
72000	56.9569	1.23724
73500	56.9619	1.19326
74960	56.9654	1.15253
75500	56.9664	1.13798
76000	56.9672	1.12475
77110	56.9686	1.09624
78600	56.9696	1.05971
79300	56.9699	1.0432
80000	56.97	1.02709
81500	56.9695	0.993858
83000	56.969	0.96228
84000	56.9682	0.94209
85000	56.9673	0.922556
86500	56.9655	0.894211
88000	56.9637	0.867202
89000	56.9621	0.849897
90000	56.9606	0.833124
91500	56.9578	0.808691
93000	56.955	0.785354
94000	56.953	0.770373
95000	56.9509	0.755831
96500	56.9475	0.734763
98000	56.9441	0.714595
99000	56.9418	0.701623
99500	56.9406	0.695273
100000	56.9394	0.689013
-1	-1	-1