1015.86	30.8742	7.12964
1032.29	30.8688	6.98536
1048.99	30.8616	6.84129
1065.96	30.849	6.69726
1083.2	30.8313	6.55634
1100.72	30.8094	6.41842
1118.52	30.7835	6.28342
1136.61	30.7536	6.1511
1155	30.7197	6.02166
1173.68	30.6822	5.89509
1192.66	30.6408	5.77091
1211.95	30.5954	5.64946
1231.55	30.547	5.53074
1251.47	30.4951	5.41229
1271.72	30.4385	5.29437
1292.29	30.3746	5.17661
1313.19	30.3037	5.06127
1334.43	30.2258	4.94853
1356.01	30.141	4.83838
1377.94	30.0489	4.7307
1400.23	29.9491	4.62544
1422.88	29.841	4.52258
1445.89	29.7237	4.4219
1469.28	29.5963	4.32351
1493.04	29.4578	4.22743
1517.19	29.3069	4.13383
1541.73	29.1421	4.04241
1566.67	28.9615	3.95307
1592.01	28.7625	3.8658
1617.76	28.5422	3.78045
1643.92	28.2964	3.69695
1670.51	28.0198	3.6152
1697.53	27.7056	3.53527
1724.99	27.3422	3.45713
1752.89	26.9184	3.38438
1781.24	26.4154	3.31443
1810.05	25.8	3.24684
1839.32	25.0138	3.18064
1869.07	23.9363	3.11578
1899.3	22.2438	3.05223
1930.02	18.0503	2.98998
1939.5	5.2801	2.97123
1939.7	5.28403	11.764
1961.24	20.0566	11.4624
1992.96	21.0943	11.0379
2006.7	15.2358	10.8609
2006.9	15.2501	15.132
2025.2	22.8854	14.9479
2057.95	25.2033	14.6279
2091.24	26.5585	14.3148
2125.06	27.4987	14.0082
2159.43	28.1344	13.7083
2194.36	28.3227	13.4144
2216.2	25.5952	13.2361
2216.4	25.6051	15.2077
2229.85	28.767	15.0779
2265.92	30.1929	14.739
2302.57	31.0805	14.4054
2339.81	31.7865	14.0767
2377.66	32.3848	13.7529
2416.11	32.9074	13.4348
2455.19	33.3715	13.1219
2494.9	33.7884	12.8145
2535.26	34.1654	12.5121
2576.26	34.5082	12.2152
2617.93	34.8211	11.9238
2660.27	35.1081	11.6383
2703.3	35.3718	11.3575
2747.03	35.6143	11.0821
2791.46	35.8373	10.8123
2836.61	36.0434	10.5483
2882.49	36.2339	10.289
2929.11	36.4097	10.035
2976.48	36.5718	9.78634
3024.63	36.7218	9.54315
3073.55	36.8604	9.30473
3123.26	36.9884	9.07165
3173.78	37.1064	8.84328
3225.11	37.2152	8.62019
3277.27	37.3154	8.40194
3330.28	37.4079	8.18871
3384.15	37.4929	7.98001
3438.88	37.5709	7.77603
3494.5	37.6422	7.57647
3551.02	37.7072	7.38193
3608.46	37.7668	7.19179
3666.82	37.821	7.00602
3726.13	37.8701	6.82458
3786.4	37.9145	6.64742
3847.64	37.9544	6.4744
3909.87	37.9901	6.30553
3973.11	38.0218	6.14074
4037.38	38.0499	5.97991
4102.68	38.0746	5.82298
4169.03	38.0959	5.66985
4236.46	38.1142	5.52048
4304.98	38.1297	5.3748
4374.62	38.1424	5.2327
4445.37	38.1527	5.09411
4517.27	38.1605	4.95892
4590.33	38.166	4.8272
4664.58	38.1696	4.69872
4740.03	38.1711	4.57351
4816.69	38.1707	4.45143
4894.6	38.1687	4.33245
4973.77	38.165	4.21654
5054.21	38.1598	4.10354
5135.96	38.1532	3.99345
5219.03	38.1452	3.88617
5303.44	38.136	3.78168
5389.22	38.1256	3.67982
5476.39	38.1141	3.58062
5564.97	38.1017	3.48401
5654.98	38.0882	3.38985
5746.44	38.0738	3.29825
5839.39	38.0586	3.20894
5933.83	38.0426	3.12199
6029.81	38.0259	3.03733
6127.33	38.0085	2.95494
6226.44	37.9905	2.87467
6327.15	37.9719	2.79654
6429.48	37.9527	2.72044
6533.48	37.933	2.64635
6639.15	37.9129	2.57425
6746.54	37.8923	2.50402
6855.65	37.8712	2.43567
6966.54	37.8497	2.36917
7079.22	37.8279	2.30441
7193.72	37.8056	2.24132
7310.07	37.7831	2.18004
7428.31	37.7602	2.12035
7548.45	37.737	2.06216
7670.54	37.7135	2.00563
7794.61	37.6897	1.95054
7920.68	37.6655	1.89697
8048.79	37.6411	1.8449
8178.98	37.6165	1.79419
8311.26	37.5916	1.74478
8445.69	37.5663	1.69672
8582.29	37.5407	1.64997
8721.11	37.5148	1.60447
8862.16	37.4886	1.5602
9005.5	37.4621	1.51713
9151.16	37.4352	1.4752
9299.17	37.4079	1.43441
9449.58	37.3803	1.39472
9602.42	37.3522	1.35611
9757.73	37.3236	1.31853
9915.55	37.2945	1.28195
10075.9	37.2648	1.24638
10238.9	37.2345	1.21176
10404.5	37.2036	1.17808
10572.8	37.1719	1.1453
10743.8	37.1394	1.11341
10917.6	37.1059	1.08238
11094.2	37.0715	1.05219
11273.6	37.0359	1.02281
11455.9	36.999	0.994222
11641.2	36.9607	0.966406
11829.5	36.9208	0.939339
12020.8	36.8791	0.913002
12215.3	36.8352	0.887374
12412.8	36.789	0.862436
12613.6	36.7399	0.838169
12817.6	36.6877	0.814555
13025	36.6316	0.791575
13235.6	36.5711	0.769214
13449.7	36.5053	0.747453
13667.2	36.4329	0.726275
13888.3	36.3526	0.705667
14112.9	36.2622	0.68561
14341.2	36.1589	0.666091
14573.1	36.0385	0.647094
14808.9	35.8946	0.628606
15048.4	35.7164	0.610611
15291.8	35.4841	0.593098
15539.1	35.1551	0.576052
15790.4	34.6058	0.559459
16045.8	32.9628	0.54331
16104.5	26.4571	0.539702
16104.7	26.4573	3.75733
16305.4	34.32	3.68752
16569.1	35.2344	3.59899
16837.1	35.7413	3.51194
17109.4	36.0956	3.42639
17386.1	36.3681	3.34234
17667.4	36.5889	3.25981
17953.1	36.7737	3.1788
18243.5	36.9318	3.09932
18538.6	37.0692	3.02136
18838.4	37.19	2.94492
19143.1	37.2972	2.87
19452.7	37.393	2.7966
19767.4	37.479	2.72469
20087.1	37.5566	2.65429
20412	37.6268	2.58537
20742.1	37.6906	2.51793
21077.6	37.7486	2.45194
21418.5	37.8014	2.3874
21765	37.8496	2.32429
22117	37.8936	2.26259
22474.7	37.9338	2.20229
22838.2	37.9705	2.14336
23207.6	38.004	2.0858
23583	38.0346	2.02957
23964.4	38.0625	1.97466
24352	38.088	1.92105
24745.9	38.1112	1.86873
25146.2	38.1323	1.81766
25552.9	38.1514	1.76782
25966.2	38.1687	1.7192
26386.1	38.1843	1.67178
26812.9	38.1984	1.62553
27246.6	38.211	1.58043
27687.3	38.2223	1.53645
28135.1	38.2324	1.49359
28590.2	38.2413	1.45181
29052.6	38.2494	1.41109
29522.5	38.2602	1.37142
30000	38.2499	1.33276
30400	38.244	1.27818
30800	38.2476	1.24901
31200	38.2506	1.22087
31500	38.2527	1.20041
31900	38.2549	1.1736
32300	38.2566	1.14772
32600	38.2576	1.12888
33000	38.2587	1.10451
33400	38.2592	1.08085
33800	38.2597	1.05797
34100	38.2596	1.0413
34500	38.2595	1.01971
34900	38.2591	0.998802
35300	38.2586	0.978523
35700	38.2577	0.958867
36030	38.257	0.943109
36500	38.2557	0.921351
37000	38.2542	0.89905
37500	38.2524	0.877577
38000	38.2507	0.856892
38500	38.2486	0.836707
39000	38.2465	0.817249
39500	38.2442	0.798483
40000	38.2418	0.780376
40800	38.2376	0.752415
41500	38.2339	0.729197
42300	38.2292	0.703989
43000	38.2252	0.683017
43800	38.2203	0.660153
44500	38.2161	0.6411
45300	38.2111	0.620307
46000	38.2068	0.602901
46500	38.2037	0.590924
47000	38.2006	0.579309
47500	38.1975	0.568041
48000	38.1944	0.557108
48500	38.1913	0.546399
49000	38.1883	0.536004
49500	38.1852	0.525908
50000	38.1821	0.516102
50500	38.1791	0.506526
51000	38.176	0.49722
51500	38.173	0.488174
52000	38.1699	0.479377
52500	38.167	0.47082
53000	38.164	0.462495
54000	38.158	0.44647
55000	38.1523	0.43128
56000	38.1466	0.416782
56800	38.1421	0.405713
57530	38.138	0.395999
58000	38.1355	0.389931
58500	38.1327	0.383631
59540	38.1272	0.371014
59800	38.1258	0.367959
60000	38.1248	0.365635
60800	38.1207	0.356484
61500	38.1171	0.34876
62300	38.1131	0.34024
63000	38.1097	0.333042
64000	38.1049	0.323155
65000	38.1001	0.313708
65900	38.096	0.305523
66830	38.0917	0.297402
67400	38.0892	0.292586
68000	38.0865	0.287643
69000	38.0823	0.279682
70000	38.078	0.272052
71000	38.0739	0.264684
72000	38.0699	0.257615
72800	38.0668	0.252163
73500	38.0641	0.247536
74200	38.0614	0.243036
74960	38.0585	0.238289
75500	38.0565	0.234992
76000	38.0547	0.232
77110	38.0507	0.225562
78600	38.0455	0.217335
79300	38.0432	0.213627
80000	38.0408	0.210013
81500	38.036	0.20253
83000	38.0312	0.195444
84000	38.0282	0.190925
85000	38.0252	0.186563
86500	38.0209	0.180297
88000	38.0166	0.174344
89000	38.0139	0.170538
90000	38.0112	0.166857
91500	38.0074	0.161536
93000	38.0036	0.156467
94000	38.0012	0.15322
95000	37.9988	0.150074
96500	37.9953	0.145523
98000	37.9919	0.141176
99000	37.9897	0.138387
99500	37.9886	0.137023
100000	37.9875	0.13568
-1	-1	-1