1015.86	22.6403	8.96464
1032.29	22.7442	8.76097
1048.99	22.847	8.5591
1065.96	22.9426	8.35889
1083.2	23.0314	8.16331
1100.72	23.1142	7.9723
1118.52	23.1916	7.78577
1136.61	23.2639	7.60367
1155	23.3314	7.42578
1173.68	23.3946	7.25203
1192.66	23.4538	7.08232
1211.95	23.5092	6.91659
1231.55	23.5617	6.75476
1251.47	23.6115	6.59544
1271.72	23.6583	6.4384
1292.29	23.7003	6.28328
1313.19	23.7383	6.13203
1334.43	23.7731	5.98442
1356.01	23.8049	5.84031
1377.94	23.8341	5.6996
1400.23	23.8609	5.56231
1422.88	23.8859	5.42842
1445.89	23.9094	5.29766
1469.28	23.9323	5.16918
1493.04	23.9549	5.04252
1517.19	23.9742	4.91365
1541.73	23.9892	4.78734
1566.67	24.0007	4.66424
1592.01	24.0097	4.54428
1617.76	24.0164	4.42741
1643.92	24.0213	4.31358
1670.51	24.0246	4.20273
1697.53	24.0266	4.09471
1724.99	24.0284	3.98944
1752.89	24.0289	3.88464
1781.24	24.0271	3.78189
1810.05	24.0233	3.68136
1839.32	24.0177	3.58346
1869.07	24.0108	3.48813
1899.3	24.0025	3.39529
1930.02	23.9931	3.30503
1961.24	23.9828	3.21715
1992.96	23.9712	3.13149
2025.2	23.9602	3.04953
2057.95	23.9489	2.96747
2091.24	23.936	2.88736
2125.06	23.9221	2.80927
2159.43	23.9075	2.73328
2194.36	23.8922	2.659
2229.85	23.8761	2.5867
2265.92	23.8594	2.51626
2302.57	23.8422	2.44764
2339.81	23.8244	2.38074
2377.66	23.8061	2.31562
2416.11	23.7873	2.25217
2455.19	23.768	2.1904
2494.9	23.7484	2.13022
2535.26	23.7283	2.07164
2576.26	23.7078	2.01462
2617.93	23.687	1.9591
2660.27	23.6658	1.90508
2703.3	23.6443	1.85248
2747.03	23.6225	1.80129
2791.46	23.6003	1.75148
2836.61	23.5779	1.70302
2882.49	23.5551	1.65585
2929.11	23.5321	1.60998
2976.48	23.5087	1.56538
3024.63	23.4851	1.52199
3073.55	23.4612	1.47977
3123.26	23.437	1.43872
3173.78	23.4125	1.39879
3225.11	23.3876	1.35997
3277.27	23.3625	1.32222
3330.28	23.3369	1.28553
3384.15	23.311	1.24984
3438.88	23.2848	1.21514
3494.5	23.258	1.18141
3551.02	23.2309	1.14865
3608.46	23.2032	1.11679
3666.82	23.175	1.08584
3726.13	23.1462	1.05572
3786.4	23.1168	1.02652
3847.64	23.0868	0.998083
3909.87	23.0559	0.970477
3973.11	23.0242	0.943626
4037.38	22.9916	0.917573
4102.68	22.9579	0.89224
4169.03	22.923	0.867643
4236.46	22.8869	0.843758
4304.98	22.8493	0.820552
4374.62	22.8101	0.797991
4445.37	22.769	0.776062
4517.27	22.7258	0.754774
4590.33	22.6802	0.734148
4664.58	22.6318	0.714069
4740.03	22.5801	0.694568
4816.69	22.5247	0.675635
4894.6	22.4649	0.657233
4973.77	22.3997	0.639384
5054.21	22.3282	0.622042
5135.96	22.2489	0.605222
5219.03	22.1598	0.588872
5303.44	22.0584	0.573005
5389.22	21.9407	0.557598
5476.39	21.801	0.542637
5564.97	21.6299	0.528113
5654.98	21.4109	0.514006
5746.44	21.1106	0.500319
5839.39	20.6438	0.487031
5933.83	19.643	0.474127
5989.1	12.9181	0.466827
5989.3	12.9188	3.84485
6029.81	19.4157	3.80769
6127.33	20.8006	3.72069
6226.44	21.4313	3.63494
6327.15	21.8497	3.55039
6429.48	22.1641	3.46704
6533.48	22.4157	3.38494
6639.15	22.6249	3.30411
6746.54	22.8033	3.22458
6855.65	22.958	3.14646
6966.54	23.0941	3.0696
7079.22	23.2149	2.99403
7193.72	23.3229	2.91988
7310.07	23.4201	2.84713
7428.31	23.508	2.77573
7548.45	23.5878	2.70561
7670.54	23.6604	2.63695
7794.61	23.7267	2.56957
7920.68	23.7872	2.50359
8048.79	23.8426	2.43897
8178.98	23.8935	2.37572
8311.26	23.9401	2.31377
8445.69	23.9829	2.2532
8582.29	24.0222	2.19383
8721.11	24.0582	2.13579
8862.16	24.0913	2.07909
9005.5	24.1217	2.02361
9151.16	24.1495	1.96941
9299.17	24.175	1.91639
9449.58	24.1982	1.86463
9602.42	24.2194	1.81416
9757.73	24.2388	1.76483
9915.55	24.2564	1.71658
10075.9	24.2724	1.66954
10238.9	24.2868	1.62365
10404.5	24.2999	1.57886
10572.8	24.3116	1.53517
10743.8	24.322	1.49256
10917.6	24.3313	1.451
11094.2	24.3396	1.41047
11273.6	24.3468	1.37097
11455.9	24.353	1.33246
11641.2	24.3584	1.29493
11829.5	24.363	1.25835
12020.8	24.3668	1.22272
12215.3	24.3698	1.188
12412.8	24.3722	1.15419
12613.6	24.374	1.12126
12817.6	24.3751	1.08919
13025	24.3758	1.05796
13235.6	24.3759	1.02756
13449.7	24.3755	0.997965
13667.2	24.3748	0.96916
13888.3	24.3735	0.941126
14112.9	24.372	0.913845
14341.2	24.37	0.8873
14573.1	24.3678	0.861474
14808.9	24.3652	0.83635
15048.4	24.3623	0.811911
15291.8	24.3592	0.788142
15539.1	24.3559	0.765025
15790.4	24.3523	0.742545
16045.8	24.3486	0.720686
16305.4	24.3446	0.699433
16569.1	24.3405	0.678772
16837.1	24.3363	0.658686
17109.4	24.3319	0.639163
17386.1	24.3274	0.620187
17667.4	24.3228	0.601744
17953.1	24.318	0.583822
18243.5	24.3132	0.566407
18538.6	24.3084	0.549485
18838.4	24.3034	0.533044
19143.1	24.2984	0.517072
19452.7	24.2934	0.501556
19767.4	24.2883	0.486483
20087.1	24.2832	0.471843
20412	24.278	0.457624
20742.1	24.2729	0.443815
21077.6	24.2677	0.430403
21418.5	24.2626	0.417381
21765	24.2574	0.404735
22117	24.2522	0.392457
22474.7	24.2471	0.380537
22838.2	24.2419	0.368964
23207.6	24.2368	0.357729
23583	24.2318	0.346822
23964.4	24.2267	0.336236
24352	24.2217	0.32596
24745.9	24.2167	0.315987
25146.2	24.2117	0.306308
25552.9	24.2068	0.296914
25966.2	24.202	0.287798
26386.1	24.1971	0.278952
26812.9	24.1924	0.270369
27246.6	24.1876	0.26204
27687.3	24.183	0.25396
28135.1	24.1784	0.246119
28590.2	24.1738	0.238513
29052.6	24.1694	0.231135
29522.5	24.1656	0.223976
30000	24.1584	0.217033
30400	24.159	0.2184
30800	24.1555	0.212838
31200	24.1521	0.207486
31500	24.1496	0.203604
31900	24.1464	0.198596
32300	24.1431	0.193771
32600	24.1408	0.190267
33000	24.1377	0.185742
33400	24.1347	0.18135
33800	24.1318	0.177111
34100	24.1296	0.17403
34500	24.1268	0.170045
34900	24.1241	0.166195
35300	24.1214	0.162463
35700	24.1188	0.158853
36030	24.1165	0.155963
36500	24.1136	0.151983
37000	24.1105	0.147914
37500	24.1076	0.144006
38000	24.1046	0.140251
38500	24.1018	0.136613
39000	24.099	0.133115
39500	24.0964	0.129749
40000	24.0938	0.12651
40400	24.0918	0.123968
40800	24.0898	0.121502
41100	24.0883	0.1197
41500	24.0863	0.117359
42300	24.0826	0.112877
43000	24.0794	0.109161
43800	24.076	0.10512
44500	24.073	0.101765
45300	24.0698	0.0981172
46000	24.0669	0.0950767
46500	24.0651	0.0929899
47000	24.0632	0.0909704
47500	24.0614	0.0890155
48000	24.0596	0.0871225
48500	24.0578	0.0852887
49000	24.0561	0.0835117
49500	24.0545	0.0817892
50000	24.0528	0.080119
50500	24.0513	0.0784894
51000	24.0498	0.0769085
51500	24.0482	0.0753745
52000	24.0467	0.0738854
52500	24.0453	0.0724395
53000	24.0439	0.0710353
53500	24.0424	0.0696711
54000	24.041	0.0683454
54500	24.0397	0.0670568
55000	24.0384	0.065804
56000	24.0358	0.0633927
56800	24.0339	0.0615569
57530	24.0322	0.0599496
58000	24.0311	0.0589475
58500	24.0299	0.0579084
59540	24.0276	0.0558324
59800	24.0271	0.0553306
60000	24.0267	0.0549492
60800	24.025	0.0534564
61500	24.0236	0.052199
62300	24.022	0.0508148
63000	24.0207	0.0496478
64000	24.0189	0.0480483
65000	24.017	0.0465239
65900	24.0155	0.0452085
66830	24.0139	0.0439063
67400	24.013	0.0431354
68000	24.0121	0.0423453
69000	24.0106	0.0410754
70000	24.009	0.039861
71000	24.0076	0.0386955
72000	24.0062	0.0375797
72800	24.0052	0.036721
73500	24.0043	0.0359932
74200	24.0033	0.0352865
74960	24.0024	0.0345422
75500	24.0017	0.0340274
76000	24.0011	0.0335607
77110	23.9998	0.032558
77900	23.9989	0.0318711
78600	23.9981	0.0312802
79300	23.9973	0.0307053
80000	23.9966	0.0301459
80800	23.9958	0.029523
81500	23.9951	0.0289934
82300	23.9943	0.0284051
83000	23.9937	0.0279047
84000	23.9927	0.0272122
85000	23.9917	0.0265447
86500	23.9904	0.0255879
88000	23.9892	0.0246812
89000	23.9883	0.0241029
90000	23.9875	0.0235443
91500	23.9864	0.0227401
93000	23.9853	0.0219758
94000	23.9845	0.0214871
95000	23.9838	0.0210144
96500	23.9828	0.0203334
98000	23.9818	0.0196846
99000	23.9812	0.0192689
99500	23.9809	0.0190659
100000	23.9806	0.018866
-1	-1	-1