1015.86	32.6002	9.41447
1032.29	32.1508	9.2744
1048.99	31.6311	9.13631
1065.96	31.0283	9.00026
1083.2	30.3249	8.86615
1100.72	29.4953	8.73396
1118.52	28.502	8.60365
1136.61	27.2887	8.4756
1155	25.763	8.34937
1173.68	23.7598	8.22492
1192.66	20.9402	8.10249
1211.95	16.4119	7.98186
1231.55	5.86091	7.86299
1241	-39.6154	7.80701
1241.2	-39.588	39.5864
1251.47	7.887	39.1186
1271.72	19.5288	38.224
1292.29	25.2158	37.3498
1313.19	29.0414	36.4957
1334.43	31.9206	35.661
1356.01	34.214	34.8454
1377.94	36.1013	34.0484
1400.23	37.685	33.2696
1422.88	39.0278	32.5088
1445.89	40.1696	31.7655
1469.28	41.1342	31.039
1493.04	41.9325	30.3289
1517.19	42.5611	29.6352
1541.73	42.9931	28.9575
1566.67	43.1453	28.2955
1592.01	42.5693	27.6483
1611.2	35.9249	27.1746
1611.4	35.9465	31.7793
1617.76	41.7756	31.6085
1643.92	44.6986	30.922
1670.51	46.0603	30.2504
1697.53	46.9951	29.5936
1724.99	47.6333	28.9514
1752.89	47.7067	28.3231
1767.6	45.3081	28.0012
1767.8	45.3277	30.0151
1781.24	48.5041	29.7007
1810.05	49.8811	29.0454
1839.32	50.7855	28.4047
1869.07	51.4981	27.7782
1899.3	52.0712	27.166
1930.02	52.489	26.5667
1961.24	52.4352	25.9806
1967.4	51.1135	25.8676
1967.6	51.1167	26.9456
1992.96	53.4307	26.5
2025.2	54.1982	25.9522
2057.95	54.8065	25.4023
2091.24	55.3334	24.8609
2125.06	55.8051	24.3287
2159.43	56.2347	23.8055
2194.36	56.6289	23.291
2229.85	56.9927	22.7855
2265.92	57.3293	22.2889
2302.57	57.6417	21.8012
2339.81	57.9317	21.3222
2377.66	58.2015	20.8519
2416.11	58.4518	20.39
2455.19	58.6846	19.9375
2494.9	58.9013	19.4933
2535.26	59.1028	19.0576
2576.26	59.2895	18.6302
2617.93	59.4629	18.2116
2660.27	59.6237	17.8009
2703.3	59.7722	17.3984
2747.03	59.9099	17.0047
2791.46	60.037	16.6181
2836.61	60.1535	16.2398
2882.49	60.2607	15.8694
2929.11	60.3589	15.5064
2976.48	60.4487	15.1511
3024.63	60.5297	14.8027
3073.55	60.6033	14.4626
3123.26	60.6698	14.1289
3173.78	60.7289	13.8021
3225.11	60.7808	13.483
3277.27	60.8272	13.1711
3330.28	60.8672	12.8647
3384.15	60.9011	12.5658
3438.88	60.9299	12.2733
3494.5	60.9532	11.987
3551.02	60.9713	11.7071
3608.46	60.9846	11.4332
3666.82	60.993	11.1654
3726.13	60.997	10.9036
3786.4	60.9966	10.6476
3847.64	60.9919	10.3973
3909.87	60.9831	10.1525
3973.11	60.9704	9.91329
4037.38	60.9537	9.67927
4102.68	60.9333	9.45067
4169.03	60.9091	9.22709
4236.46	60.8812	9.0087
4304.98	60.8498	8.79506
4374.62	60.8147	8.58635
4445.37	60.7761	8.38237
4517.27	60.7339	8.18299
4590.33	60.6882	7.98821
4664.58	60.6389	7.79767
4740.03	60.5858	7.61156
4816.69	60.5289	7.42979
4894.6	60.4682	7.25208
4973.77	60.4036	7.07853
5054.21	60.3348	6.9088
5135.96	60.2616	6.74299
5219.03	60.1838	6.58095
5303.44	60.1011	6.42274
5389.22	60.0133	6.26796
5476.39	59.9198	6.11675
5564.97	59.8201	5.96912
5654.98	59.7139	5.82484
5746.44	59.6004	5.68387
5839.39	59.4787	5.54609
5933.83	59.3477	5.41143
6029.81	59.2065	5.28005
6127.33	59.0536	5.15149
6226.44	58.8868	5.02586
6327.15	58.704	4.90319
6429.48	58.5021	4.78328
6533.48	58.2771	4.66619
6639.15	58.0235	4.55177
6746.54	57.7334	4.43979
6855.65	57.3954	4.33054
6966.54	56.9917	4.22382
7079.22	56.4915	4.11929
7193.72	55.8351	4.01741
7310.07	54.8793	3.91758
7428.31	53.0769	3.82042
7513.9	39.2329	3.75252
7514.1	39.2334	10.2014
7548.45	51.2377	10.1318
7670.54	54.2723	9.89089
7794.61	55.2962	9.65587
7920.68	55.7667	9.42627
8048.79	55.8349	9.20232
8178.98	55.1954	8.98365
8251.5	48.1279	8.86556
8251.7	48.1303	12.4114
8311.26	55.4242	12.2418
8445.69	57.0018	11.872
8582.29	57.5979	11.5134
8707.9	54.7474	11.1982
8708.1	54.7481	12.7208
8721.11	57.1654	12.6934
8862.16	58.8928	12.403
9005.5	59.6695	12.118
9151.16	60.2602	11.8371
9299.17	60.7491	11.5607
9449.58	61.1689	11.289
9602.42	61.537	11.0219
9757.73	61.8636	10.7592
9915.55	62.156	10.5019
10075.9	62.4202	10.2486
10238.9	62.6589	10.0001
10404.5	62.876	9.75621
10572.8	63.0738	9.517
10743.8	63.2544	9.28247
10917.6	63.4195	9.05258
11094.2	63.5707	8.82732
11273.6	63.7091	8.60665
11455.9	63.836	8.39055
11641.2	63.9521	8.17898
11829.5	64.0584	7.97189
12020.8	64.1557	7.76925
12215.3	64.2447	7.571
12412.8	64.3259	7.3771
12613.6	64.3999	7.18749
12817.6	64.4672	7.00213
13025	64.5283	6.82094
13235.6	64.5835	6.64387
13449.7	64.6334	6.47088
13667.2	64.6782	6.30188
13888.3	64.7184	6.13682
14112.9	64.754	5.97564
14341.2	64.7856	5.81828
14573.1	64.8133	5.66465
14808.9	64.8374	5.51472
15048.4	64.8581	5.36839
15291.8	64.8756	5.22562
15539.1	64.8902	5.08634
15790.4	64.902	4.95047
16045.8	64.9111	4.81795
16305.4	64.9179	4.68872
16569.1	64.9223	4.56272
16837.1	64.9246	4.43986
17109.4	64.9249	4.32011
17386.1	64.9233	4.20337
17667.4	64.92	4.0896
17953.1	64.915	3.97873
18243.5	64.9085	3.8707
18538.6	64.9005	3.76544
18838.4	64.8912	3.66289
19143.1	64.8807	3.56301
19452.7	64.8689	3.46571
19767.4	64.8561	3.37095
20087.1	64.8422	3.27867
20412	64.8274	3.1888
20742.1	64.8117	3.1013
21077.6	64.7952	3.01611
21418.5	64.7778	2.93317
21765	64.7598	2.85243
22117	64.741	2.77384
22474.7	64.7217	2.69734
22838.2	64.7017	2.62289
23207.6	64.6812	2.55043
23583	64.6601	2.47992
23964.4	64.6385	2.41131
24352	64.6165	2.34454
24745.9	64.594	2.27958
25146.2	64.5712	2.21638
25552.9	64.5479	2.15489
25966.2	64.5242	2.09508
26386.1	64.5002	2.03689
26812.9	64.4758	1.98029
27246.6	64.451	1.92524
27687.3	64.426	1.87169
28135.1	64.4005	1.81961
28590.2	64.3748	1.76896
29052.6	64.3486	1.7197
29522.5	64.3222	1.6718
30000	64.2953	1.62522
30200	64.2608	1.62205
30290	64.2558	1.61351
30371.3	64.2513	1.60586
30700	64.233	1.57548
31000	64.2164	1.54854
31400	64.1941	1.51371
31700	64.1774	1.48839
32100	64.1551	1.45565
32400	64.1384	1.43183
32700	64.1217	1.40861
33000	64.105	1.38597
33400	64.0825	1.35655
33800	64.0601	1.32809
34100	64.0431	1.30735
34500	64.0205	1.28048
34900	63.9977	1.25446
35300	63.9749	1.22918
35700	63.9517	1.20465
36030	63.9325	1.18499
36500	63.9048	1.15784
37000	63.875	1.13
37500	63.8448	1.10319
38000	63.814	1.07737
38500	63.7827	1.05247
39000	63.7507	1.02846
39500	63.718	1.00529
40000	63.6845	0.982923
40400	63.6571	0.965705
40800	63.6289	0.948488
41100	63.6073	0.936224
41500	63.5778	0.919871
41900	63.5473	0.904324
42300	63.516	0.888778
42600	63.4917	0.877684
43000	63.4584	0.862892
43400	63.4237	0.848804
43800	63.3877	0.834717
44100	63.3596	0.824647
44500	63.3206	0.81122
44900	63.2797	0.798396
45300	63.2365	0.785571
45600	63.2025	0.77637
46000	63.1546	0.764103
46300	63.1166	0.755234
46500	63.0901	0.749321
46800	63.0486	0.740716
47000	63.0196	0.734979
47300	62.9738	0.726626
47500	62.9415	0.721058
47800	62.8904	0.712949
48000	62.8542	0.707543
48300	62.7962	0.699668
48500	62.7548	0.694418
48650	62.7221	0.690593
48800	62.6879	0.686767
48900	62.6641	0.684217
49000	62.6396	0.681667
49150	62.6011	0.67795
49300	62.5606	0.674232
49400	62.5322	0.671754
49500	62.5027	0.669276
49650	62.456	0.665663
49800	62.4062	0.662049
49900	62.3711	0.65964
50000	62.3341	0.657231
50070	62.3072	0.65558
50150	62.275	0.653694
50220	62.2458	0.652043
50300	62.2108	0.650156
50400	62.1647	0.647798
50500	62.1156	0.64544
50570	62.0793	0.643835
50650	62.0354	0.642
50720	61.9949	0.640395
50800	61.9457	0.63856
50850	61.9133	0.637414
50900	61.8795	0.636267
50950	61.8441	0.635121
51000	61.8071	0.633974
51070	61.752	0.632413
51150	61.6838	0.630628
51180	61.6567	0.629959
51220	61.6189	0.629067
51260	61.5793	0.628174
51300	61.5375	0.627282
51350	61.482	0.626167
51400	61.4224	0.625052
51450	61.3579	0.623936
51470	61.3306	0.62349
51500	61.2878	0.622821
51530	61.2426	0.622171
51570	61.1781	0.621304
51610	61.108	0.620438
51650	61.0312	0.619571
51680	60.9686	0.618921
51700	60.924	0.618488
51720	60.8768	0.618055
51740	60.8268	0.617621
51760	60.7735	0.617188
51780	60.7165	0.616755
51800	60.6554	0.616321
51815	60.6064	0.615996
51830	60.5543	0.615671
51845	60.4988	0.615346
51860	60.4393	0.615021
51870	60.3971	0.614805
51880	60.3528	0.614588
51890	60.3059	0.614371
51900	60.2562	0.614155
51915	60.1759	0.61383
51923	60.1297	0.613656
51930	60.0871	0.613505
51940	60.0223	0.613288
51950	59.9521	0.613072
51960	59.8755	0.612855
51970	59.7914	0.612638
51977	59.7271	0.612487
51985	59.6471	0.612313
51993	59.5589	0.61214
52000	59.4736	0.611988
52004	59.4206	0.611902
52008	59.3642	0.611815
52012	59.3039	0.611728
52015	59.2556	0.611663
52019	59.1868	0.611577
52023	59.1119	0.61149
52027	59.0299	0.611403
52030	58.9629	0.611338
52033	58.8901	0.611273
52035	58.8378	0.61123
52038	58.7532	0.611165
52040	58.6917	0.611122
52043	58.5903	0.611057
52045	58.5154	0.611013
52048	58.3892	0.610948
52050	58.2937	0.610905
52051.5	58.2143	0.610872
52053	58.1267	0.61084
52054	58.0632	0.610818
52055	57.994	0.610797
52056	57.9194	0.610775
52057	57.8373	0.610753
52058	57.7471	0.610732
52059	57.6457	0.61071
52060	57.5316	0.610688
52061	57.3993	0.610667
52062	57.2438	0.610645
52063	57.0543	0.610623
52064	56.8142	0.610602
52065	56.486	0.61058
52065.6	56.2165	0.610567
52066.2	55.8446	0.610554
52066.8	55.2744	0.610541
52067.4	54.1935	0.610528
52067.4	54.1877	0.610528
52067.5	54.3149	1.32654
52067.6	54.5244	2.04256
52067.7	54.7174	2.75857
52067.9	55.1144	4.1906
52068.5	56.2476	8.48668
52068.9	56.8945	4.98615
52069.4	57.519	0.610486
52069.4	57.4977	0.610485
52069.5	57.8488	0.610484
52070.4	57.3315	4.9459
52071.5	57.403	1.20365
52072.1	56.6368	1.96245
52072.7	56.5495	3.13959
52073.4	56.819	3.38762
52074	57.2759	3.38238
52074.5	57.399	3.37808
52075	57.4977	3.37375
52076	57.654	3.36503
52076.8	57.7517	3.35801
52077.5	57.8272	3.35187
52078.3	57.9029	3.34484
52079	57.9621	3.33869
52079.5	58.0006	3.33588
52080	58.0373	3.33308
52081	58.1062	3.32742
52081.8	58.1561	3.32386
52082.5	58.1963	3.32075
52083.3	58.2388	3.31719
52084	58.2743	3.31408
52085	58.3218	3.31198
52086	58.3661	3.30988
52087	58.4073	3.31045
52088	58.4475	3.31101
52089	58.4855	3.31157
52090	58.5215	3.31214
52091.5	58.5727	3.31558
52093	58.6218	3.31902
52095	58.6838	3.32496
52098	58.7716	3.33389
52100	58.8271	3.33985
52103	58.9063	3.34674
52105	58.9572	3.35133
52108	59.0293	3.35495
52110	59.0751	3.35736
52112	59.119	3.35796
52114	59.161	3.35855
52118	59.2392	3.35679
52122	59.3102	3.35325
52125	59.3591	3.35059
52129	59.4191	3.34703
52133	59.4742	3.34346
52137	59.5253	3.34096
52140	59.5608	3.33908
52144	59.6064	3.33835
52148	59.6493	3.33761
52155	59.7208	3.33822
52163	59.798	3.33856
52170	59.8604	3.33885
52177	59.9188	3.33844
52185	59.9812	3.33798
52193	60.0398	3.33751
52200	60.0881	3.3371
52208	60.1401	3.33636
52215	60.1832	3.33571
52223	60.2301	3.33497
52230	60.2691	3.33433
52240	60.3221	3.3334
52250	60.372	3.33248
52260	60.4194	3.33155
52270	60.4644	3.33062
52285	60.528	3.32924
52300	60.5873	3.32785
52310	60.6249	3.32711
52320	60.6609	3.32637
52335	60.7126	3.32527
52350	60.7615	3.32416
52365	60.808	3.32305
52380	60.8524	3.32195
52400	60.9088	3.32047
52420	60.962	3.31852
52450	61.0358	3.31559
52470	61.0817	3.31364
52500	61.146	3.31072
52520	61.1863	3.30876
52550	61.2441	3.30584
52580	61.2987	3.30291
52600	61.3334	3.30096
52630	61.3834	3.29855
52650	61.4153	3.29694
52700	61.4908	3.29292
52750	61.561	3.28891
52800	61.6269	3.28489
52830	61.6645	3.28178
52870	61.7122	3.27762
52910	61.7576	3.27347
52950	61.8006	3.26932
52980	61.8313	3.26621
53020	61.8702	3.26205
53060	61.9079	3.2579
53100	61.9443	3.25375
53150	61.988	3.24925
53200	62.0299	3.24474
53250	62.07	3.24024
53300	62.1085	3.23574
53350	62.1456	3.23124
53400	62.1812	3.22674
53450	62.2156	3.22223
53500	62.2486	3.21773
53600	62.3117	3.20983
53700	62.3716	3.20193
53800	62.4291	3.19333
53900	62.4838	3.18473
54000	62.5355	3.175
54100	62.5845	3.16527
54200	62.6307	3.15518
54300	62.6748	3.14509
54370	62.7044	3.13789
54450	62.7368	3.12967
54520	62.764	3.12247
54600	62.7941	3.11425
54700	62.8304	3.10452
54800	62.8653	3.09479
54900	62.8988	3.08506
55000	62.9307	3.07533
55070	62.9522	3.06915
55150	62.9765	3.06208
55300	63.0204	3.04883
55450	63.0621	3.03616
55600	63.1015	3.02349
55800	63.1526	3.00767
56000	63.2017	2.99184
56150	63.2372	2.97998
56300	63.2711	2.96811
56450	63.3039	2.95611
56600	63.3356	2.94412
56750	63.3663	2.93212
56900	63.3962	2.92013
57050	63.4255	2.90813
57200	63.4536	2.89614
57400	63.4895	2.88015
57530	63.512	2.86975
57660	63.534	2.85931
57800	63.557	2.84807
58000	63.5891	2.832
58300	63.6348	2.80791
58500	63.6634	2.79185
58800	63.7047	2.76841
59000	63.7308	2.75278
59300	63.7682	2.72933
59540	63.7967	2.71058
59670	63.8117	2.70073
59800	63.8263	2.69088
59900	63.8373	2.68338
59950	63.8427	2.67963
60000	63.848	2.67588
60200	63.8691	2.66154
60400	63.8896	2.6472
60600	63.9096	2.63286
60800	63.929	2.61852
60950	63.9432	2.60811
61100	63.9571	2.5977
61300	63.9752	2.58383
61500	63.9928	2.56995
61700	64.0099	2.55651
61900	64.0266	2.54306
62100	64.0428	2.52962
62300	64.0586	2.51618
62600	64.0815	2.49665
62800	64.0963	2.48363
63000	64.1107	2.47061
63300	64.1317	2.45176
63500	64.1452	2.43919
63800	64.165	2.42035
64000	64.1777	2.40778
64300	64.1963	2.38969
64500	64.2083	2.37763
64800	64.2258	2.35954
65000	64.237	2.34748
65300	64.2535	2.33015
65500	64.2642	2.3186
65700	64.2747	2.30705
65900	64.285	2.2955
66200	64.2999	2.27879
66400	64.3097	2.26765
66600	64.3192	2.25651
66830	64.3299	2.2437
66960	64.3358	2.23667
67100	64.3421	2.2291
67400	64.3554	2.21288
67700	64.3682	2.19703
68000	64.3807	2.18117
68300	64.3928	2.16576
68500	64.4007	2.15548
68800	64.4122	2.14007
69000	64.4197	2.1298
69300	64.4307	2.11497
69500	64.4379	2.10508
69800	64.4484	2.09024
70000	64.4553	2.08035
70300	64.4655	2.06582
70500	64.472	2.05614
70800	64.4816	2.04161
71000	64.4878	2.03192
71300	64.4968	2.01792
71500	64.5027	2.0086
71800	64.5114	1.9946
72000	64.517	1.98527
72400	64.528	1.96738
72800	64.5386	1.94949
73200	64.5489	1.93161
73500	64.5563	1.91819
73900	64.5659	1.90111
74200	64.5728	1.88829
74600	64.5817	1.87121
74960	64.5896	1.85583
75200	64.5947	1.84584
75500	64.6008	1.83336
76000	64.6106	1.81293
76600	64.6218	1.7891
77110	64.6308	1.76884
77900	64.6441	1.7387
78600	64.655	1.71199
79300	64.6652	1.68609
79700	64.6706	1.67163
80000	64.6745	1.66079
80800	64.6845	1.63302
81500	64.6926	1.60872
82300	64.7012	1.5823
83000	64.7081	1.55918
83500	64.7128	1.54333
84000	64.7173	1.52748
85000	64.7256	1.49679
85800	64.7316	1.47341
86500	64.7366	1.45295
87300	64.7419	1.43064
88000	64.7463	1.41111
89000	64.7522	1.38427
90000	64.7576	1.35823
91500	64.7648	1.32016
93000	64.7708	1.28375
94000	64.7744	1.26035
95000	64.7776	1.23762
96500	64.7817	1.20426
98000	64.785	1.1723
99000	64.7867	1.15173
99500	64.7874	1.14165
100000	64.7882	1.13172
-1	-1	-1