1015.86	52.1576	33.9853
1032.29	52.7043	33.5441
1048.99	53.1798	33.1564
1065.96	53.6578	32.8253
1083.2	54.1379	32.4967
1100.72	54.611	32.1711
1118.52	55.0763	31.8486
1136.61	55.5343	31.5285
1155	55.9863	31.2112
1173.68	56.4345	30.8968
1192.66	56.8817	30.5849
1211.95	57.3335	30.2759
1231.55	57.8066	29.9695
1251.47	58.299	29.6183
1271.72	58.7939	29.2201
1292.29	59.2283	28.7649
1313.19	59.614	28.3156
1334.43	59.9686	27.8729
1356.01	60.2988	27.4366
1377.94	60.6084	27.0065
1400.23	60.9004	26.5826
1422.88	61.1767	26.1646
1445.89	61.4402	25.753
1469.28	61.6951	25.3439
1493.04	61.9423	24.9356
1517.19	62.1706	24.5136
1541.73	62.3769	24.0956
1566.67	62.5642	23.6843
1592.01	62.736	23.279
1617.76	62.8933	22.8801
1643.92	63.0373	22.4873
1670.51	63.1687	22.1008
1697.53	63.2886	21.7206
1724.99	63.4035	21.346
1752.89	63.5059	20.9654
1781.24	63.591	20.5871
1810.05	63.6593	20.212
1839.32	63.7108	19.843
1869.07	63.7476	19.4805
1899.3	63.7705	19.1242
1930.02	63.7792	18.7736
1961.24	63.7735	18.4293
1992.96	63.7511	18.0909
2025.2	63.7249	17.7664
2057.95	63.6857	17.4314
2091.24	63.6247	17.1003
2125.06	63.5448	16.7728
2159.43	63.4451	16.45
2194.36	63.3248	16.131
2229.85	63.1824	15.8168
2265.92	63.0164	15.5068
2302.57	62.8247	15.2013
2339.81	62.6053	14.9002
2377.66	62.3546	14.6024
2416.11	62.0682	14.3086
2455.19	61.7416	14.0198
2494.9	61.3702	13.7357
2535.26	60.946	13.455
2576.26	60.4591	13.1785
2617.93	59.8965	12.9062
2660.27	59.2412	12.6381
2703.3	58.4682	12.3739
2747.03	57.5406	12.1139
2791.46	56.4004	11.8581
2836.61	54.9474	11.6062
2882.49	52.9829	11.3581
2929.11	50.008	11.1141
2976.48	43.7571	10.8739
2999.8	14.7588	10.759
3000	14.7598	27.3411
3024.63	43.5016	26.9988
3073.55	47.7068	26.3394
3123.26	45.221	25.6965
3136.1	28.3985	25.5346
3136.3	28.4101	36.8344
3173.78	51.346	36.1758
3225.11	56.0636	35.3049
3277.27	58.9599	34.4576
3330.28	61.0702	33.6308
3384.15	62.6955	32.8259
3438.88	63.9602	32.0403
3494.5	64.9104	31.276
3551.02	65.5147	30.5293
3608.46	65.5359	29.8028
3662.9	57.1638	29.1403
3663.1	57.1679	33.7873
3666.82	62.6257	33.7358
3726.13	67.6779	32.9324
3786.4	69.4397	32.1506
3847.64	70.7093	31.3878
3909.87	71.7279	30.644
3973.11	72.577	29.9189
4037.38	73.2932	29.2121
4102.68	73.8913	28.5227
4169.03	74.366	27.849
4236.46	74.6756	27.1939
4304.98	74.5157	26.5536
4326.9	72.067	26.3542
4327.1	72.0685	27.8702
4374.62	75.3603	27.431
4445.37	76.1956	26.7982
4517.27	76.7376	26.1794
4590.33	77.3433	25.5745
4651.9	75.806	25.0829
4652.1	75.8133	26.1797
4664.58	77.0697	26.0793
4740.03	78.1543	25.4862
4816.69	78.7891	24.9064
4894.6	79.3065	24.336
4973.77	79.7544	23.7768
5054.21	80.1531	23.2285
5135.96	80.5125	22.6908
5219.03	80.839	22.1636
5303.44	81.1369	21.6469
5389.22	81.4093	21.1404
5476.39	81.6587	20.6442
5564.97	81.8874	20.1584
5654.98	82.0973	19.6826
5746.44	82.2897	19.2165
5839.39	82.4657	18.7603
5933.83	82.6265	18.3138
6029.81	82.7736	17.8771
6127.33	82.9076	17.4494
6226.44	83.0291	17.0313
6327.15	83.1393	16.6224
6429.48	83.2387	16.2224
6533.48	83.3279	15.8312
6639.15	83.4075	15.4488
6746.54	83.4782	15.0752
6855.65	83.5403	14.7097
6966.54	83.5943	14.3529
7079.22	83.641	14.0041
7193.72	83.6805	13.6631
7310.07	83.7129	13.3301
7428.31	83.7389	13.0049
7548.45	83.7589	12.6874
7670.54	83.7733	12.3772
7794.61	83.782	12.0743
7920.68	83.7854	11.7785
8048.79	83.7837	11.4897
8178.98	83.7773	11.2077
8311.26	83.7664	10.9328
8445.69	83.7512	10.664
8582.29	83.7317	10.4022
8721.11	83.7084	10.1462
8862.16	83.6811	9.89667
9005.5	83.6502	9.6529
9151.16	83.6157	9.41525
9299.17	83.578	9.18341
9449.58	83.5369	8.95697
9602.42	83.4931	8.73654
9757.73	83.4476	8.52126
9915.55	83.4018	8.31068
10075.9	83.3538	8.09597
10238.9	83.2965	7.88559
10404.5	83.2338	7.67944
10572.8	83.1655	7.47743
10743.8	83.0916	7.27948
10917.6	83.0118	7.0855
11094.2	82.9259	6.89542
11273.6	82.8335	6.70915
11455.9	82.734	6.52662
11641.2	82.6268	6.34774
11829.5	82.5112	6.17244
12020.8	82.3862	6.00065
12215.3	82.2506	5.83228
12412.8	82.103	5.66728
12613.6	81.9414	5.50556
12817.6	81.7633	5.34707
13025	81.5655	5.19173
13235.6	81.3437	5.03948
13449.7	81.0914	4.89026
13667.2	80.7995	4.74399
13888.3	80.4537	4.60062
14112.9	80.0295	4.46009
14341.2	79.4808	4.32234
14573.1	78.7013	4.1873
14808.9	77.3355	4.05493
15031.1	62.5967	3.93578
15031.3	62.597	9.97013
15048.4	72.5037	9.9503
15291.8	77.7719	9.67449
15539.1	79.026	9.40633
15790.4	79.7286	9.1456
16045.8	80.1794	8.89211
16305.4	80.4733	8.64564
16569.1	80.6477	8.40601
16837.1	80.7135	8.17303
17109.4	80.6586	7.94651
17386.1	80.4305	7.72627
17667.4	79.8216	7.51213
17906.4	72.4356	7.33736
17906.6	72.4357	10.352
17953.1	78.3486	10.3123
18243.5	80.2277	10.0704
18538.6	80.4351	9.83412
18638.9	77.6556	9.75589
18639.1	77.6561	11.1125
18838.4	81.2916	10.9408
19143.1	82.1175	10.6867
19452.7	82.6729	10.437
19767.4	83.1094	10.1915
20087.1	83.4726	9.95041
20412	83.784	9.71366
20742.1	84.0559	9.48127
21077.6	84.2964	9.25323
21418.5	84.5108	9.02956
21765	84.7032	8.81022
22117	84.8766	8.59521
22474.7	85.0335	8.3845
22838.2	85.1758	8.17805
23207.6	85.305	7.97585
23583	85.4225	7.77785
23964.4	85.5295	7.58403
24352	85.6268	7.39432
24745.9	85.7154	7.20869
25146.2	85.7959	7.0271
25552.9	85.869	6.8495
25966.2	85.9353	6.67583
26386.1	85.9954	6.50603
26812.9	86.0496	6.34007
27246.6	86.0985	6.17787
27687.3	86.1423	6.01939
28135.1	86.1815	5.86455
28590.2	86.2164	5.71332
29052.6	86.2472	5.56562
29522.5	86.2743	5.4214
30000	86.2979	5.28059
30200	86.0998	5.33371
30400	86.1088	5.27587
30600	86.1171	5.22
30800	86.1248	5.16413
30900	86.1285	5.13714
31000	86.1324	5.11015
31100	86.1354	5.08315
31200	86.1387	5.05616
31350	86.1434	5.01685
31500	86.1477	4.97755
31700	86.1532	4.92665
31900	86.1582	4.87575
32100	86.1628	4.82651
32300	86.167	4.77727
32600	86.1726	4.70549
33000	86.1789	4.61245
33400	86.1839	4.5224
33800	86.1877	4.43516
34100	86.19	4.37149
34500	86.1923	4.28886
34900	86.1939	4.20951
35100	86.1947	4.16983
35300	86.195	4.13016
35500	86.195	4.09238
35700	86.1947	4.0546
36030	86.1937	3.99226
36300	86.1925	3.94348
36500	86.1914	3.90734
37000	86.1879	3.82013
37500	86.1834	3.736
38000	86.1783	3.6548
38500	86.1724	3.57606
39000	86.1657	3.5
39500	86.1583	3.4265
40000	86.1505	3.35544
40800	86.1369	3.24609
41500	86.1239	3.15501
42300	86.1081	3.05581
43000	86.0937	2.97304
43800	86.0766	2.88275
44500	86.0613	2.80728
45300	86.0437	2.72458
46000	86.0277	2.655
46500	86.016	2.60701
47000	86.0042	2.56039
47500	85.9921	2.51509
48000	85.9801	2.47104
49000	85.9558	2.38656
49500	85.9435	2.34603
50000	85.9313	2.30659
51000	85.9066	2.23036
52000	85.8817	2.15806
53000	85.8565	2.08942
54000	85.8313	2.02418
55000	85.8061	1.96212
56000	85.7809	1.90277
56800	85.7607	1.85732
57530	85.7422	1.81733
58000	85.7302	1.7923
58500	85.7175	1.76627
59540	85.6912	1.71401
60000	85.6795	1.69167
60133.5	85.6762	1.68525
60900	85.6566	1.6491
61600	85.6388	1.61716
62300	85.6209	1.58618
63000	85.6031	1.55613
64000	85.5773	1.51475
65000	85.5515	1.47508
65900	85.5282	1.44067
66830	85.5042	1.40643
67400	85.4893	1.38608
68000	85.4736	1.36516
69000	85.4471	1.33138
70000	85.4206	1.2989
71000	85.3936	1.26746
72000	85.3663	1.2372
73500	85.3244	1.19391
74960	85.2825	1.15402
75500	85.2667	1.1398
76000	85.252	1.12688
77110	85.2185	1.099
78600	85.1721	1.06326
79300	85.1497	1.0471
79700	85.1366	1.03808
80000	85.1267	1.03132
80800	85.0998	1.01389
81500	85.0756	0.998644
82300	85.0472	0.982072
83000	85.0215	0.967572
83500	85.0027	0.957634
84000	84.9834	0.947695
84500	84.9637	0.938074
85000	84.9435	0.928454
85800	84.91	0.913666
86500	84.8795	0.900727
87300	84.843	0.886624
88000	84.8095	0.874284
88500	84.7846	0.865806
89000	84.7587	0.857328
89500	84.7319	0.849106
90000	84.704	0.840885
90400	84.6808	0.834525
90800	84.6568	0.828166
91200	84.6319	0.821806
91500	84.6125	0.817036
91900	84.5858	0.810956
92300	84.558	0.804875
92700	84.529	0.798795
93000	84.5063	0.794235
93300	84.4828	0.78984
93500	84.4664	0.786911
94000	84.4244	0.779586
94500	84.3793	0.772472
94800	84.3505	0.768204
95000	84.3307	0.765358
95400	84.2889	0.759868
95800	84.2443	0.754377
96200	84.1964	0.748887
96500	84.1579	0.744769
96700	84.131	0.742138
96900	84.1028	0.739508
97100	84.0734	0.736877
97300	84.0426	0.734246
97500	84.0103	0.731616
97700	83.9762	0.728985
97850	83.9495	0.727012
98000	83.9216	0.725039
98150	83.8924	0.723134
98300	83.862	0.721229
98500	83.819	0.718689
98650	83.7848	0.716784
98800	83.7488	0.714879
98900	83.7236	0.713609
99000	83.6975	0.712339
99150	83.6562	0.710486
99300	83.6123	0.708633
99400	83.5813	0.707397
99500	83.5489	0.706162
99650	83.4971	0.704309
99800	83.441	0.702456
99900	83.4008	0.70122
100000	83.3582	0.699985
-1	-1	-1