1015.86	29.8647	6.34543
1032.29	29.8414	6.21593
1048.99	29.8173	6.08696
1065.96	29.7881	5.95837
1083.2	29.7539	5.83239
1100.72	29.7154	5.70906
1118.52	29.6725	5.58831
1136.61	29.6254	5.47018
1155	29.5738	5.3545
1173.68	29.5177	5.24123
1192.66	29.457	5.1304
1211.95	29.3915	5.02195
1231.55	29.3217	4.91584
1251.47	29.2469	4.81004
1271.72	29.1664	4.70463
1292.29	29.0768	4.59924
1313.19	28.9781	4.49628
1334.43	28.8706	4.39564
1356.01	28.7535	4.29725
1377.94	28.6262	4.20103
1400.23	28.4875	4.10688
1422.88	28.3361	4.01473
1445.89	28.171	3.92486
1469.28	27.9912	3.83577
1493.04	27.7927	3.74682
1517.19	27.571	3.65225
1541.73	27.316	3.55898
1566.67	27.0247	3.46804
1592.01	26.69	3.37944
1617.76	26.3007	3.29312
1643.92	25.8405	3.20902
1670.51	25.2835	3.12708
1697.53	24.5866	3.04723
1724.99	23.6678	2.96942
1752.89	22.3359	2.889
1781.24	19.9255	2.80978
1804.3	4.47116	2.74784
1804.5	4.47535	11.5981
1810.05	15.7986	11.5078
1839.32	20.1284	11.047
1863.8	14.3771	10.6813
1864	14.3918	14.889
1869.07	19.8218	14.837
1899.3	23.4852	14.5339
1930.02	25.1074	14.237
1961.24	26.2065	13.9462
1992.96	26.9961	13.6613
2025.2	27.5089	13.3855
2057.95	27.2104	13.1122
2065	25.3302	13.0547
2065.2	25.3402	14.7486
2091.24	28.6552	14.5089
2125.06	29.664	14.2077
2159.43	30.4102	13.9092
2194.36	31.0317	13.6132
2229.85	31.5718	13.3199
2265.92	32.0512	13.0301
2302.57	32.482	12.7435
2339.81	32.8724	12.4606
2377.66	33.2287	12.1813
2416.11	33.5552	11.9056
2455.19	33.855	11.634
2494.9	34.1313	11.3665
2535.26	34.3867	11.103
2576.26	34.6226	10.8435
2617.93	34.8413	10.5885
2660.27	35.0438	10.3374
2703.3	35.2314	10.0908
2747.03	35.4053	9.84833
2791.46	35.5667	9.61038
2836.61	35.7162	9.37689
2882.49	35.8548	9.14757
2929.11	35.9832	8.92274
2976.48	36.1022	8.70231
3024.63	36.2121	8.48616
3073.55	36.3139	8.27444
3123.26	36.4074	8.06675
3173.78	36.4943	7.86361
3225.11	36.5738	7.66477
3277.27	36.647	7.4699
3330.28	36.7138	7.27916
3384.15	36.7752	7.09288
3438.88	36.8312	6.91044
3494.5	36.882	6.73207
3551.02	36.928	6.55772
3608.46	36.9696	6.3873
3666.82	37.0069	6.22078
3726.13	37.0402	6.05806
3786.4	37.0697	5.89908
3847.64	37.0957	5.74385
3909.87	37.1184	5.59227
3973.11	37.1379	5.44433
4037.38	37.1545	5.29984
4102.68	37.1683	5.15888
4169.03	37.1795	5.02129
4236.46	37.1882	4.88707
4304.98	37.1945	4.75612
4374.62	37.1988	4.62845
4445.37	37.2009	4.50384
4517.27	37.2011	4.38241
4590.33	37.1995	4.26401
4664.58	37.1962	4.1486
4740.03	37.1914	4.03608
4816.69	37.185	3.92644
4894.6	37.1772	3.81954
4973.77	37.1682	3.71546
5054.21	37.1579	3.61397
5135.96	37.1464	3.51519
5219.03	37.1338	3.41889
5303.44	37.1203	3.32518
5389.22	37.1058	3.23389
5476.39	37.0905	3.14492
5564.97	37.0743	3.05839
5654.98	37.0573	2.97409
5746.44	37.0396	2.89202
5839.39	37.0213	2.81217
5933.83	37.0024	2.73438
6029.81	36.9828	2.65871
6127.33	36.9627	2.58503
6226.44	36.9421	2.51341
6327.15	36.9211	2.44369
6429.48	36.8995	2.37584
6533.48	36.8777	2.30986
6639.15	36.8553	2.24561
6746.54	36.8327	2.18316
6855.65	36.8096	2.12231
6966.54	36.7862	2.0632
7079.22	36.7626	2.00574
7193.72	36.7387	1.94981
7310.07	36.7144	1.89537
7428.31	36.6898	1.8425
7548.45	36.6649	1.7911
7670.54	36.6398	1.74111
7794.61	36.6145	1.69249
7920.68	36.5888	1.64523
8048.79	36.5629	1.59926
8178.98	36.5367	1.55456
8311.26	36.5102	1.51113
8445.69	36.4834	1.46891
8582.29	36.4563	1.42785
8721.11	36.4288	1.38795
8862.16	36.4009	1.34918
9005.5	36.3727	1.31147
9151.16	36.344	1.27485
9299.17	36.3149	1.23924
9449.58	36.2852	1.20463
9602.42	36.255	1.171
9757.73	36.2242	1.13833
9915.55	36.1927	1.10655
10075.9	36.1604	1.07569
10238.9	36.1273	1.0457
10404.5	36.0933	1.01656
10572.8	36.0583	0.988242
10743.8	36.0221	0.960729
10917.6	35.9846	0.933996
11094.2	35.9455	0.908023
11273.6	35.9049	0.882786
11455.9	35.8622	0.858268
11641.2	35.8174	0.834447
11829.5	35.7701	0.811303
12020.8	35.7198	0.788819
12215.3	35.666	0.766974
12412.8	35.6082	0.745753
12613.6	35.5455	0.725136
12817.6	35.477	0.705108
13025	35.4013	0.685651
13235.6	35.3167	0.666749
13449.7	35.2206	0.648388
13667.2	35.1097	0.63055
13888.3	34.9786	0.613223
14112.9	34.8187	0.59639
14341.2	34.6151	0.580039
14573.1	34.3376	0.564155
14808.9	33.9105	0.548725
15048.4	33.0208	0.533737
15199.6	25.7196	0.524605
15199.8	25.7199	3.68556
15291.8	32.6205	3.65214
15539.1	33.9981	3.5647
15790.4	34.6009	3.47872
16045.8	34.9964	3.39422
16305.4	35.2915	3.31121
16569.1	35.5265	3.22968
16837.1	35.721	3.14966
17109.4	35.8862	3.07115
17386.1	36.0289	2.99414
17667.4	36.1539	2.91862
17953.1	36.2644	2.84461
18243.5	36.3629	2.77209
18538.6	36.4512	2.70105
18838.4	36.5308	2.63149
19143.1	36.6027	2.5634
19452.7	36.6679	2.49675
19767.4	36.7272	2.43155
20087.1	36.7813	2.36777
20412	36.8305	2.3054
20742.1	36.8755	2.24442
21077.6	36.9165	2.18482
21418.5	36.9541	2.12658
21765	36.9884	2.06967
22117	37.0197	2.01409
22474.7	37.0483	1.95981
22838.2	37.0744	1.90681
23207.6	37.0982	1.85507
23583	37.1199	1.80457
23964.4	37.1396	1.75529
24352	37.1574	1.70721
24745.9	37.1736	1.6603
25146.2	37.1881	1.61456
25552.9	37.2012	1.56994
25966.2	37.213	1.52644
26386.1	37.2235	1.48403
26812.9	37.2327	1.4427
27246.6	37.2409	1.40241
27687.3	37.2481	1.36314
28135.1	37.2543	1.32489
28590.2	37.2597	1.28762
29052.6	37.2645	1.25131
29522.5	37.2718	1.21595
30000	37.2605	1.18152
30400	37.2661	1.15885
30800	37.2676	1.13201
31200	37.2687	1.10613
31500	37.2692	1.08731
31900	37.2694	1.06298
32300	37.2697	1.03949
32600	37.2695	1.02239
33000	37.2692	1.00027
33400	37.2685	0.978859
33800	37.2678	0.958152
34100	37.267	0.943065
34500	37.266	0.923519
34900	37.2648	0.904595
35300	37.2636	0.886085
35700	37.262	0.868097
36030	37.2607	0.853679
36500	37.2585	0.833776
37000	37.2562	0.813381
37500	37.2537	0.793748
38000	37.2512	0.77484
38500	37.2484	0.75642
39000	37.2456	0.738668
39500	37.2426	0.72155
40000	37.2397	0.705037
40800	37.2346	0.679728
41500	37.2302	0.658713
42300	37.2251	0.635899
43000	37.2205	0.61692
43800	37.2153	0.59616
44500	37.2108	0.578863
45300	37.2056	0.559958
46000	37.201	0.544093
46500	37.1978	0.533178
47000	37.1945	0.522596
47500	37.1913	0.512332
48000	37.188	0.502374
48500	37.1848	0.492671
49000	37.1817	0.483251
49500	37.1785	0.474104
50000	37.1753	0.46522
50500	37.1722	0.456544
51000	37.1691	0.448113
51500	37.166	0.439917
52000	37.1629	0.431949
52500	37.1599	0.424199
53000	37.1569	0.416659
54000	37.1509	0.402182
55000	37.1453	0.388459
56000	37.1396	0.375313
56800	37.1352	0.365278
57530	37.1311	0.356473
58000	37.1286	0.350974
58500	37.1259	0.345265
59540	37.1205	0.333834
59800	37.1191	0.331066
60000	37.1181	0.328961
60800	37.1141	0.320693
61500	37.1106	0.313714
62300	37.1067	0.306018
63000	37.1033	0.299517
64000	37.0986	0.290587
65000	37.094	0.282056
65900	37.09	0.274652
66830	37.0859	0.267307
67400	37.0834	0.262951
68000	37.0808	0.258482
69000	37.0767	0.251284
70000	37.0726	0.244387
71000	37.0687	0.237741
72000	37.0648	0.231365
72800	37.0618	0.226449
73500	37.0592	0.222276
74200	37.0567	0.218218
74960	37.0538	0.213939
75500	37.052	0.210964
76000	37.0502	0.208263
77110	37.0464	0.202453
78600	37.0415	0.19503
79300	37.0392	0.191685
80000	37.037	0.188425
81500	37.0324	0.181681
83000	37.0279	0.175296
84000	37.025	0.171225
85000	37.0221	0.167295
86500	37.0181	0.161651
88000	37.014	0.156289
89000	37.0114	0.152862
90000	37.0089	0.149548
91500	37.0053	0.144754
93000	37.0017	0.140187
94000	36.9994	0.137263
95000	36.9971	0.134429
96500	36.9939	0.130336
98000	36.9906	0.126427
99000	36.9886	0.123919
99500	36.9876	0.122693
100000	36.9865	0.121485
-1	-1	-1