1015.86	39.5068	22.8698
1032.29	39.8687	22.4083
1048.99	40.2083	21.9512
1065.96	40.526	21.4987
1083.2	40.8244	21.0554
1100.72	41.1048	20.6212
1118.52	41.3681	20.1961
1136.61	41.6155	19.7796
1155	41.8479	19.3717
1173.68	42.066	18.9723
1192.66	42.2707	18.581
1211.95	42.4628	18.1979
1231.55	42.6431	17.8228
1251.47	42.8122	17.4556
1271.72	42.9705	17.0964
1292.29	43.1196	16.7452
1313.19	43.2597	16.401
1334.43	43.391	16.0639
1356.01	43.514	15.7338
1377.94	43.6292	15.4103
1400.23	43.7368	15.0936
1422.88	43.8371	14.7834
1445.89	43.9303	14.4796
1469.28	44.0166	14.1825
1493.04	44.096	13.8921
1517.19	44.1704	13.6104
1541.73	44.2408	13.3349
1566.67	44.3072	13.0649
1592.01	44.3693	12.8004
1617.76	44.4276	12.5411
1643.92	44.4818	12.2869
1670.51	44.5325	12.0383
1697.53	44.5803	11.7946
1724.99	44.6287	11.5556
1752.89	44.6734	11.3146
1781.24	44.7115	11.0762
1810.05	44.7435	10.8411
1839.32	44.7697	10.6111
1869.07	44.7916	10.386
1899.3	44.8093	10.1654
1930.02	44.823	9.9496
1961.24	44.8332	9.73846
1992.96	44.8388	9.53185
2025.2	44.847	9.33397
2057.95	44.8534	9.13169
2091.24	44.8532	8.93205
2125.06	44.8487	8.73611
2159.43	44.8402	8.5432
2194.36	44.8278	8.35387
2229.85	44.8112	8.16753
2265.92	44.7909	7.98494
2302.57	44.767	7.80508
2339.81	44.7388	7.62824
2377.66	44.7066	7.45474
2416.11	44.6703	7.28406
2455.19	44.6298	7.11654
2494.9	44.585	6.9517
2535.26	44.5355	6.78984
2576.26	44.4813	6.63078
2617.93	44.4221	6.47454
2660.27	44.3577	6.32104
2703.3	44.2877	6.17018
2747.03	44.2119	6.02202
2791.46	44.1297	5.87647
2836.61	44.0409	5.73352
2882.49	43.9447	5.59303
2929.11	43.8405	5.45502
2976.48	43.7274	5.31947
3024.63	43.6047	5.18631
3073.55	43.4712	5.05555
3123.26	43.3255	4.92704
3173.78	43.1659	4.80082
3225.11	42.9905	4.67688
3277.27	42.7967	4.55512
3330.28	42.5811	4.43544
3384.15	42.3396	4.31794
3438.88	42.0664	4.20252
3494.5	41.7538	4.08922
3551.02	41.3906	3.97787
3608.46	40.9597	3.86841
3666.82	40.4342	3.76105
3726.13	39.7661	3.65559
3786.4	38.8555	3.55191
3847.64	37.4303	3.45004
3909.87	33.8781	3.35003
3928.7	21.367	3.32065
3928.9	21.3687	10.8165
3973.11	35.7824	10.6258
4037.38	37.5436	10.3581
4102.68	37.8216	10.0972
4156	31.1452	9.89191
4156.2	31.148	13.588
4169.03	37.0202	13.5233
4236.46	39.7808	13.1917
4304.98	40.9163	12.869
4374.62	41.5729	12.555
4445.37	41.5607	12.2471
4464.6	39.1491	12.1656
4464.8	39.1509	13.7097
4517.27	42.6724	13.4942
4590.33	43.6361	13.2039
4664.58	44.3357	12.9168
4740.03	44.9116	12.6326
4816.69	45.4069	12.3519
4894.6	45.8429	12.0747
4973.77	46.2318	11.801
5054.21	46.5818	11.5311
5135.96	46.8989	11.2652
5219.03	47.1876	11.0033
5303.44	47.4516	10.7455
5389.22	47.6934	10.4916
5476.39	47.9153	10.242
5564.97	48.1194	9.99683
5654.98	48.3075	9.75571
5746.44	48.4807	9.51892
5839.39	48.6403	9.28642
5933.83	48.7875	9.05831
6029.81	48.9233	8.83453
6127.33	49.0484	8.61505
6226.44	49.1635	8.39981
6327.15	49.2695	8.18894
6429.48	49.367	7.98243
6533.48	49.4566	7.78004
6639.15	49.5386	7.58182
6746.54	49.6136	7.38798
6855.65	49.6823	7.19822
6966.54	49.7448	7.01252
7079.22	49.8015	6.83093
7193.72	49.8529	6.65333
7310.07	49.8993	6.47986
7428.31	49.941	6.31012
7548.45	49.9782	6.14438
7670.54	50.0113	5.98237
7794.61	50.0404	5.82412
7920.68	50.0658	5.66971
8048.79	50.0879	5.51872
8178.98	50.1065	5.37147
8311.26	50.1223	5.22782
8445.69	50.1352	5.08748
8582.29	50.1453	4.9507
8721.11	50.153	4.81718
8862.16	50.1582	4.68692
9005.5	50.1612	4.56
9151.16	50.1622	4.43604
9299.17	50.1611	4.31531
9449.58	50.1583	4.19766
9602.42	50.1537	4.0829
9757.73	50.1474	3.97106
9915.55	50.1396	3.86235
10075.9	50.1306	3.75621
10238.9	50.1202	3.65281
10404.5	50.1086	3.55209
10572.8	50.0957	3.45399
10743.8	50.0818	3.35846
10917.6	50.0669	3.26544
11094.2	50.051	3.17486
11273.6	50.0342	3.08668
11455.9	50.0167	3.00085
11641.2	49.9983	2.9173
11829.5	49.9792	2.83598
12020.8	49.9595	2.75684
12215.3	49.9391	2.67984
12412.8	49.9182	2.60491
12613.6	49.8967	2.53201
12817.6	49.8746	2.46109
13025	49.8522	2.3921
13235.6	49.8292	2.32499
13449.7	49.8058	2.25973
13667.2	49.7821	2.19625
13888.3	49.7579	2.13452
14112.9	49.7334	2.07449
14341.2	49.7086	2.01612
14573.1	49.6834	1.95937
14808.9	49.6579	1.9042
15048.4	49.632	1.85056
15291.8	49.6059	1.79842
15539.1	49.5794	1.74774
15790.4	49.5527	1.69848
16045.8	49.5256	1.6506
16305.4	49.4982	1.60406
16569.1	49.4704	1.55884
16837.1	49.4423	1.51489
17109.4	49.4138	1.47218
17386.1	49.385	1.43069
17667.4	49.3557	1.39037
17953.1	49.3259	1.35119
18243.5	49.2957	1.31313
18538.6	49.2649	1.27616
18838.4	49.2335	1.24024
19143.1	49.2015	1.20535
19452.7	49.1688	1.17145
19767.4	49.1353	1.13853
20087.1	49.1009	1.10655
20412	49.0654	1.07549
20742.1	49.0289	1.04532
21077.6	48.9911	1.01602
21418.5	48.952	0.987571
21765	48.9111	0.959938
22117	48.8685	0.933104
22474.7	48.8237	0.907047
22838.2	48.7764	0.881743
23207.6	48.7263	0.857173
23583	48.6728	0.833315
23964.4	48.6153	0.81015
24352	48.5531	0.787658
24745.9	48.485	0.76582
25146.2	48.4098	0.744618
25552.9	48.3257	0.724034
25966.2	48.23	0.70405
26386.1	48.1191	0.684648
26812.9	47.9872	0.665814
27246.6	47.8249	0.647529
27687.3	47.615	0.62978
28135.1	47.3212	0.612549
28590.2	46.8413	0.595823
29052.6	45.5641	0.579586
29200	38.6877	0.574557
29200.2	38.6878	3.54851
29522.5	46.4003	3.48783
30000	47.3136	3.40099
30050	47.3945	3.39447
30100	47.4525	3.38443
30150	47.5071	3.37439
30200	47.5589	3.36434
30250	47.608	3.35448
30300	47.6548	3.34462
30350	47.6993	3.33476
30400	47.7417	3.3249
30450	47.7822	3.31578
30500	47.8212	3.30666
30550	47.8585	3.29755
30600	47.8944	3.28843
30650	47.9292	3.28011
30700	47.9627	3.27179
30750	47.9951	3.26347
30800	48.0267	3.25515
30900	48.087	3.23974
31000	48.1443	3.22433
31100	48.1996	3.20913
31200	48.2524	3.19394
31270	48.2876	3.18315
31350	48.3265	3.17082
31420	48.3595	3.16003
31500	48.3962	3.1477
31600	48.4404	3.13188
31700	48.4823	3.11605
31800	48.5225	3.10023
31900	48.5612	3.08441
32000	48.5984	3.06859
32100	48.634	3.05276
32200	48.6683	3.03694
32300	48.7015	3.02112
32380	48.7272	3.0085
32450	48.7489	2.99745
32530	48.773	2.98483
32600	48.7935	2.97378
32700	48.8219	2.95846
32800	48.8492	2.94314
32900	48.8756	2.92781
33000	48.9008	2.91249
33100	48.9253	2.89816
33200	48.9492	2.88384
33300	48.9724	2.86952
33400	48.995	2.85519
33500	49.017	2.84131
33600	49.0384	2.82743
33700	49.0591	2.81356
33800	49.0793	2.79968
33950	49.1085	2.77956
34100	49.1364	2.75944
34200	49.1545	2.74655
34300	49.1722	2.73366
34400	49.1895	2.72077
34500	49.2064	2.70788
34600	49.2229	2.69538
34700	49.2391	2.68287
34800	49.2548	2.67037
34900	49.2703	2.65787
35000	49.2851	2.64584
35100	49.2998	2.63381
35300	49.3283	2.60976
35500	49.3557	2.58647
35700	49.382	2.56318
35900	49.4073	2.54051
36030	49.4232	2.52577
36160	49.4388	2.51145
36300	49.4552	2.49602
36400	49.4667	2.48501
36500	49.4781	2.47399
36650	49.4948	2.45755
36800	49.5108	2.44112
36900	49.5212	2.43016
37000	49.5313	2.4192
37150	49.5462	2.40334
37300	49.5606	2.38748
37400	49.57	2.37691
37500	49.5792	2.36634
37650	49.5927	2.35103
37800	49.6058	2.33572
37900	49.6143	2.32551
38000	49.6228	2.3153
38150	49.6351	2.30044
38300	49.6471	2.28558
38400	49.6551	2.27568
38500	49.6626	2.26577
38650	49.6739	2.25141
38800	49.685	2.23705
38900	49.6922	2.22748
39000	49.6993	2.21791
39150	49.7098	2.20383
39300	49.7199	2.18975
39400	49.7265	2.18036
39500	49.733	2.17097
39800	49.7517	2.14374
39900	49.7577	2.13467
40000	49.7637	2.12559
40200	49.7752	2.10808
40400	49.7864	2.09057
40600	49.7971	2.07307
40800	49.8075	2.05556
40950	49.815	2.04306
41100	49.8224	2.03057
41300	49.8319	2.01391
41500	49.8411	1.99725
41700	49.8501	1.98138
41900	49.8587	1.96551
42100	49.8671	1.94964
42300	49.8752	1.93377
42600	49.8869	1.91107
43000	49.902	1.88081
43200	49.9092	1.86612
43400	49.9161	1.85144
43600	49.9227	1.83675
43800	49.9291	1.82207
44100	49.9383	1.80104
44500	49.9499	1.77301
44900	49.9608	1.74612
45300	49.9711	1.71923
45600	49.9782	1.69983
46000	49.9872	1.67396
46300	49.9936	1.65523
46500	49.9976	1.64275
47000	50.0071	1.61246
47500	50.0158	1.58303
48000	50.0237	1.55444
48500	50.0309	1.52687
49000	50.0377	1.50006
49500	50.0439	1.47399
50000	50.0498	1.44862
50500	50.0551	1.42419
51000	50.06	1.39976
51500	50.0645	1.37661
52000	50.0687	1.35346
53000	50.0762	1.30952
54000	50.0824	1.26716
55000	50.0874	1.22692
56000	50.0914	1.18819
56800	50.0937	1.15855
57530	50.0953	1.13251
58000	50.0961	1.11622
58500	50.0968	1.09924
59540	50.0978	1.06519
59800	50.0979	1.05693
60000	50.0979	1.05065
60800	50.0979	1.02609
61500	50.0978	1.00532
62300	50.0972	0.982381
63000	50.0967	0.96297
64000	50.0954	0.936261
65000	50.0942	0.91069
65900	50.0926	0.888356
66830	50.0909	0.866159
67400	50.0897	0.852977
68000	50.0884	0.839436
69000	50.086	0.817596
70000	50.0835	0.796628
71000	50.0808	0.776225
72000	50.0781	0.75662
72800	50.0756	0.741482
73500	50.0734	0.728617
74200	50.0712	0.716094
74960	50.0689	0.70287
75500	50.0671	0.693681
76000	50.0655	0.685335
77110	50.0618	0.667353
78600	50.0567	0.644338
79300	50.0544	0.633947
80000	50.052	0.623812
81500	50.0468	0.602794
83000	50.0416	0.582849
84000	50.0382	0.570112
85000	50.0347	0.557798
86500	50.0295	0.539965
88000	50.0244	0.522994
89000	50.0209	0.512131
90000	50.0175	0.501612
91500	50.0124	0.486426
93000	50.0074	0.471936
94000	50.004	0.462641
95000	50.0007	0.453625
96500	49.9958	0.440563
98000	49.991	0.428071
99000	49.9878	0.420042
99500	49.9863	0.416115
100000	49.9847	0.412243
-1	-1	-1